0,1,2,3,4,5,6,7,8,9,10,11,12,13,14,15,16,17,18,19,20,21,22,23,24,25,26,27,28,29,30,31,32,33,34,35,36,37,38,39,40,41,42,43,44,45,46,47,48,49,50,51,52,53,54,55,56,57,58,59,60,61,62,label
0.4189842641353607,0.6841720342636108,2.1702707186932457e-08,0.45513930916786194,0.6910163164138794,-0.007309152744710445,0.4860200881958008,0.6810867190361023,-0.019212186336517334,0.5058707594871521,0.6649763584136963,-0.03334948793053627,0.5078076124191284,0.6464148759841919,-0.04725102707743645,0.49494442343711853,0.5766841173171997,-0.014856906607747078,0.5162513852119446,0.5374727249145508,-0.03325715661048889,0.5323649048805237,0.5203085541725159,-0.044382866472005844,0.542340099811554,0.5143160223960876,-0.05093803629279137,0.47415482997894287,0.5579490661621094,-0.0215928815305233,0.49785536527633667,0.6096510291099548,-0.04186169430613518,0.48754289746284485,0.6540531516075134,-0.04555067792534828,0.47776103019714355,0.6596702933311462,-0.04507623240351677,0.4514581263065338,0.5612462162971497,-0.02969650737941265,0.4706098735332489,0.6285477876663208,-0.048426561057567596,0.4613531529903412,0.6593472361564636,-0.044214244931936264,0.4528657793998718,0.6542540788650513,-0.038565102964639664,0.4288836419582367,0.5760403275489807,-0.03887798637151718,0.4441675543785095,0.6286413073539734,-0.04932735487818718,0.44062232971191406,0.6525770425796509,-0.04433615505695343,0.4335207939147949,0.6466787457466125,-0.038675568997859955,Q
0.6314030289649963,0.5988006591796875,-3.614755712533224e-07,0.5978304147720337,0.5820010304450989,-0.007752026431262493,0.566659688949585,0.5538961887359619,-0.016678154468536377,0.5443349480628967,0.5386927127838135,-0.027190357446670532,0.5269763469696045,0.5156382322311401,-0.03512391820549965,0.5816295146942139,0.4394058585166931,-0.005313603673130274,0.5502649545669556,0.42484018206596375,-0.024037500843405724,0.541331946849823,0.4590061902999878,-0.033058736473321915,0.5422259569168091,0.49150440096855164,-0.036377567797899246,0.600398600101471,0.43126440048217773,-0.009589037857949734,0.5680674910545349,0.46598249673843384,-0.02606111764907837,0.5763611793518066,0.5176519155502319,-0.0274292454123497,0.5877789855003357,0.5205041170120239,-0.025345293805003166,0.6197433471679688,0.4384121000766754,-0.016743289306759834,0.5896350145339966,0.4850557744503021,-0.030800489708781242,0.5986989736557007,0.5281930565834045,-0.023727495223283768,0.6086622476577759,0.5242871046066284,-0.016787804663181305,0.6385006904602051,0.4567635953426361,-0.025334449484944344,0.6128710508346558,0.49228331446647644,-0.03237009048461914,0.6163731217384338,0.5249245166778564,-0.026214953511953354,0.6246780157089233,0.523651123046875,-0.019634516909718513,Q
0.41701993346214294,0.675313413143158,3.439464490995192e-09,0.4568992257118225,0.6833852529525757,-0.007151268422603607,0.4885135591030121,0.6730331182479858,-0.019866306334733963,0.5075660943984985,0.6559600830078125,-0.035067856311798096,0.5071330070495605,0.6362940073013306,-0.049768924713134766,0.4957556128501892,0.566909909248352,-0.01685095764696598,0.517236053943634,0.5144867897033691,-0.037691403180360794,0.5338665843009949,0.5071933269500732,-0.04976842552423477,0.5424063205718994,0.5178870558738708,-0.05591783672571182,0.4745572805404663,0.5490920543670654,-0.02397335320711136,0.4997597932815552,0.5985231399536133,-0.04619801789522171,0.48790988326072693,0.6476547718048096,-0.049955349415540695,0.4766221344470978,0.6561458110809326,-0.048804230988025665,0.45146453380584717,0.5520296692848206,-0.03256876766681671,0.4728167951107025,0.6161755919456482,-0.05235539376735687,0.4637078642845154,0.6486216187477112,-0.04762750491499901,0.45524847507476807,0.6440859436988831,-0.0410611592233181,0.4286159873008728,0.5652384757995605,-0.042193032801151276,0.44504332542419434,0.6150047183036804,-0.052680060267448425,0.4432384967803955,0.6404991745948792,-0.046751100569963455,0.43766897916793823,0.6360555291175842,-0.04007584974169731,Q
0.6363279223442078,0.5948347449302673,-3.844439788736054e-07,0.5990148782730103,0.5766510963439941,-0.0065392437390983105,0.5661616325378418,0.5478576421737671,-0.014726122841238976,0.5436767339706421,0.53312087059021,-0.024828093126416206,0.5272251963615417,0.5099055171012878,-0.03253500536084175,0.5825526714324951,0.43313997983932495,-0.003826720640063286,0.5501306056976318,0.4163016974925995,-0.0234502125531435,0.5413663387298584,0.45118433237075806,-0.03425290808081627,0.5423614382743835,0.4825194180011749,-0.03890159726142883,0.6016275882720947,0.4246344566345215,-0.008569550700485706,0.5672737956047058,0.45986881852149963,-0.025915304198861122,0.5758373737335205,0.50929856300354,-0.028697336092591286,0.5870159268379211,0.513364315032959,-0.027680786326527596,0.6207888126373291,0.430385023355484,-0.01621011085808277,0.5889796614646912,0.47950756549835205,-0.030744507908821106,0.5992390513420105,0.5215111970901489,-0.024639252573251724,0.6095003485679626,0.5205841064453125,-0.018164806067943573,0.6389935612678528,0.4476540684700012,-0.025268657132983208,0.6127006411552429,0.4857741594314575,-0.03304106369614601,0.6172153949737549,0.5181828141212463,-0.027773279696702957,0.6256958246231079,0.5189811587333679,-0.021588455885648727,Q
0.4165777266025543,0.6769002676010132,-2.4182279290130282e-08,0.4579601585865021,0.6787549257278442,-0.003727009054273367,0.4900290071964264,0.6671915054321289,-0.014764263294637203,0.5085768103599548,0.6509305834770203,-0.028789661824703217,0.5064737200737,0.629142165184021,-0.0426020510494709,0.4967000484466553,0.5635262727737427,-0.012767583131790161,0.5191751718521118,0.5185610055923462,-0.030888264998793602,0.5342290997505188,0.5040051937103271,-0.04240933433175087,0.5425992608070374,0.49974897503852844,-0.04947320744395256,0.4758443832397461,0.545443058013916,-0.021449580788612366,0.500665545463562,0.595004677772522,-0.041308995336294174,0.48759928345680237,0.6375390291213989,-0.04558238759636879,0.475512832403183,0.6382303237915039,-0.04601549357175827,0.4526425898075104,0.5491525530815125,-0.03104250878095627,0.47346293926239014,0.610223650932312,-0.04920488968491554,0.4633345305919647,0.6395668387413025,-0.045020513236522675,0.4539623558521271,0.6303868889808655,-0.039879534393548965,0.4298110604286194,0.5643251538276672,-0.04134870693087578,0.44600123167037964,0.612196147441864,-0.05132466182112694,0.44288212060928345,0.6347264051437378,-0.04563695192337036,0.43575721979141235,0.6264081597328186,-0.03982609882950783,Q
0.6346797943115234,0.5898777842521667,-3.763639426779264e-07,0.5985190868377686,0.5693563222885132,-0.00671924464404583,0.5667737722396851,0.5388204455375671,-0.015081088989973068,0.5448896884918213,0.5246027708053589,-0.02517297863960266,0.5285120010375977,0.5030242204666138,-0.03283631056547165,0.5860275626182556,0.4242369532585144,-0.004118754528462887,0.5520647764205933,0.41220182180404663,-0.02243626117706299,0.5425974130630493,0.4478427469730377,-0.0319872722029686,0.5428003072738647,0.479045033454895,-0.03589926287531853,0.6050443053245544,0.41697943210601807,-0.008830210193991661,0.5705699324607849,0.4487733542919159,-0.025383761152625084,0.5779481530189514,0.49985456466674805,-0.027848614379763603,0.5893679857254028,0.5043387413024902,-0.026654710993170738,0.6240236759185791,0.42409056425094604,-0.016219940036535263,0.5911100506782532,0.467281699180603,-0.03031875193119049,0.6000904440879822,0.5120025277137756,-0.024166015908122063,0.6110512614250183,0.5111947059631348,-0.01778794825077057,0.64198237657547,0.44257932901382446,-0.02494175173342228,0.6143229603767395,0.47443458437919617,-0.03225147724151611,0.6169877648353577,0.5093430280685425,-0.02646760642528534,0.6254140734672546,0.5119468569755554,-0.020047158002853394,Q
0.41679418087005615,0.6724810004234314,-1.363023027778354e-08,0.4569024443626404,0.6758202910423279,-0.006227268371731043,0.48872900009155273,0.6659910082817078,-0.018814539536833763,0.5091323256492615,0.6503122448921204,-0.034057486802339554,0.5081056952476501,0.6331995725631714,-0.04899061471223831,0.4956672787666321,0.5629618167877197,-0.016483118757605553,0.5184717774391174,0.517142653465271,-0.03624250367283821,0.5343480110168457,0.5067623853683472,-0.0477842278778553,0.5434345006942749,0.5073999762535095,-0.054123859852552414,0.4752975404262543,0.5444359183311462,-0.024193570017814636,0.5012906193733215,0.5917807817459106,-0.04450523853302002,0.488525390625,0.6334860920906067,-0.047898441553115845,0.477057546377182,0.6321729421615601,-0.047189176082611084,0.4526453912258148,0.5477216839790344,-0.03307390958070755,0.4738157093524933,0.6121444702148438,-0.05231406167149544,0.46353548765182495,0.6423174142837524,-0.04823466017842293,0.45450904965400696,0.6330742239952087,-0.04242770001292229,0.4302172362804413,0.5618072152137756,-0.04279140383005142,0.4462338984012604,0.6118896007537842,-0.052935682237148285,0.4435274302959442,0.6358194947242737,-0.04706722870469093,0.43706533312797546,0.6293768882751465,-0.040703076869249344,Q
0.6363171935081482,0.588071882724762,-3.7317127521419025e-07,0.6011369228363037,0.568110466003418,-0.007618286646902561,0.5683967471122742,0.5395448803901672,-0.01666128635406494,0.5445643663406372,0.5264791250228882,-0.027453532442450523,0.5293612480163574,0.5036697387695312,-0.0358675941824913,0.5862277150154114,0.42372146248817444,-0.003967331722378731,0.5531461238861084,0.40978264808654785,-0.023908382281661034,0.5429926514625549,0.44510895013809204,-0.035186201333999634,0.5427572131156921,0.4772789180278778,-0.04000378027558327,0.6054258942604065,0.4155278205871582,-0.008364780806005001,0.5718889832496643,0.4452374577522278,-0.025800984352827072,0.5793966054916382,0.4964537024497986,-0.028783870860934258,0.5907131433486938,0.501750111579895,-0.027752036228775978,0.6248282790184021,0.4217493236064911,-0.015750667080283165,0.5928926467895508,0.4627038240432739,-0.030448531731963158,0.6010668873786926,0.5079246163368225,-0.024105379357933998,0.6116442084312439,0.5078861713409424,-0.01723441854119301,0.6435770392417908,0.43938666582107544,-0.024617761373519897,0.616352915763855,0.4672773480415344,-0.03151176869869232,0.617398202419281,0.5028461813926697,-0.0250559002161026,0.6248822212219238,0.507166862487793,-0.018073808401823044,Q
0.41618120670318604,0.6706339120864868,-1.2131646798252405e-08,0.4556812644004822,0.6762998700141907,-0.0055541000328958035,0.4869444966316223,0.668836772441864,-0.016924193128943443,0.5049019455909729,0.6548939347267151,-0.030934033915400505,0.5040825605392456,0.6328386068344116,-0.04460558295249939,0.4939175844192505,0.5628845691680908,-0.014554566703736782,0.5178161859512329,0.5165386199951172,-0.032897334545850754,0.5333616733551025,0.5049744844436646,-0.04427584633231163,0.5422703623771667,0.5037658214569092,-0.0508551225066185,0.4737836420536041,0.544377863407135,-0.02200613170862198,0.49821242690086365,0.5926022529602051,-0.0411553792655468,0.4860181212425232,0.6303447484970093,-0.04553099349141121,0.4746706783771515,0.6288192272186279,-0.04610006883740425,0.45115336775779724,0.5471723079681396,-0.03047056309878826,0.47054624557495117,0.6110686659812927,-0.047967202961444855,0.46094080805778503,0.6372532248497009,-0.04452630132436752,0.45304518938064575,0.6271498799324036,-0.039876583963632584,0.4287445545196533,0.5605557560920715,-0.0397983193397522,0.44356223940849304,0.6103270649909973,-0.0492049939930439,0.4406922161579132,0.6331287622451782,-0.04375758394598961,0.43501099944114685,0.626862645149231,-0.03801008313894272,Q
0.6363649964332581,0.5875562429428101,-3.761991251849395e-07,0.6002826690673828,0.5685041546821594,-0.007702558301389217,0.5679407715797424,0.5398532748222351,-0.01633347198367119,0.5443115830421448,0.5259810090065002,-0.026765858754515648,0.5296564698219299,0.5026031136512756,-0.03456520661711693,0.5854304432868958,0.4245794117450714,-0.0030281338840723038,0.5524002313613892,0.4104626178741455,-0.022499294951558113,0.5440495610237122,0.44734376668930054,-0.03268388286232948,0.545487642288208,0.4780103266239166,-0.03670481964945793,0.604382336139679,0.4158790111541748,-0.007275564130395651,0.5708090662956238,0.4452517628669739,-0.024853253737092018,0.5782671570777893,0.4972715377807617,-0.027427835389971733,0.5896205306053162,0.5009444952011108,-0.025886159390211105,0.6237555742263794,0.421428918838501,-0.014599200338125229,0.5915860533714294,0.46119827032089233,-0.029678836464881897,0.59983229637146,0.5078623294830322,-0.023312576115131378,0.6105645298957825,0.5075967311859131,-0.016248924657702446,0.6425014138221741,0.43834805488586426,-0.02339799888432026,0.6155642867088318,0.4676263928413391,-0.03075651079416275,0.6170707941055298,0.5031712651252747,-0.024899298325181007,0.6250488758087158,0.5063908696174622,-0.018214505165815353,Q
0.41519656777381897,0.6696813702583313,-3.375664547888846e-08,0.4536535143852234,0.673337459564209,-0.004429066553711891,0.48476094007492065,0.6638966798782349,-0.014967606402933598,0.5039963722229004,0.6500252485275269,-0.028191154822707176,0.5037958025932312,0.6280679702758789,-0.04116135090589523,0.4925425052642822,0.5613848567008972,-0.014395179226994514,0.5163316130638123,0.5148048400878906,-0.03213800862431526,0.5308535099029541,0.5029420852661133,-0.043140292167663574,0.5390351414680481,0.5000444650650024,-0.049642644822597504,0.4727262556552887,0.5427654981613159,-0.022262105718255043,0.4976028501987457,0.5890286564826965,-0.0417599119246006,0.48552680015563965,0.6285759210586548,-0.0463576540350914,0.47351980209350586,0.6290521025657654,-0.04693080857396126,0.4503684341907501,0.5451139211654663,-0.030888186767697334,0.47000789642333984,0.6072947382926941,-0.04834849387407303,0.45989957451820374,0.6354085803031921,-0.04491432011127472,0.45062872767448425,0.6265101432800293,-0.040183164179325104,0.4281616508960724,0.5583767890930176,-0.040243249386548996,0.442844957113266,0.6076849699020386,-0.049657728523015976,0.4394240379333496,0.6299343705177307,-0.04442022368311882,0.4323309361934662,0.6222716569900513,-0.03880367800593376,Q
0.6322325468063354,0.5824552774429321,-3.7206896763564146e-07,0.5976153016090393,0.5634723901748657,-0.006141821853816509,0.5654609203338623,0.5341703295707703,-0.013809453696012497,0.542768120765686,0.520887017250061,-0.023487722501158714,0.5258094668388367,0.5017550587654114,-0.03088349662721157,0.5827419757843018,0.42364954948425293,-0.001890133018605411,0.5513643026351929,0.4070563316345215,-0.019862601533532143,0.5416862964630127,0.4412084221839905,-0.02962452732026577,0.5419268012046814,0.47330912947654724,-0.03370720148086548,0.6008415222167969,0.4147692024707794,-0.006617079954594374,0.5685262084007263,0.44363638758659363,-0.02291940152645111,0.5757976174354553,0.4932745695114136,-0.0257886815816164,0.5868760347366333,0.49867305159568787,-0.024893660098314285,0.6196261048316956,0.4200521409511566,-0.014109895564615726,0.5887416005134583,0.4598466455936432,-0.02783430926501751,0.5975061655044556,0.5035322904586792,-0.022110121324658394,0.6077623963356018,0.5034765005111694,-0.01605015993118286,0.6384521722793579,0.43603867292404175,-0.02290705032646656,0.6118313670158386,0.4654151499271393,-0.02938435785472393,0.6141155362129211,0.49895432591438293,-0.023612678050994873,0.6217257976531982,0.5015539526939392,-0.01744409091770649,Q
0.4178049564361572,0.6697975993156433,9.66161284310374e-09,0.4569014310836792,0.6739937663078308,-0.00506043853238225,0.4887149930000305,0.6654744744300842,-0.016695480793714523,0.5075986385345459,0.650675892829895,-0.031168850138783455,0.5045255422592163,0.6291887760162354,-0.045566145330667496,0.4935562014579773,0.5586312413215637,-0.013682921417057514,0.5156989693641663,0.5153822302818298,-0.032039087265729904,0.5320414304733276,0.5053396821022034,-0.04359215870499611,0.5420606732368469,0.5071763396263123,-0.050403892993927,0.47311165928840637,0.54176265001297,-0.021759232506155968,0.49818673729896545,0.5918444395065308,-0.041220709681510925,0.4853435158729553,0.6321530938148499,-0.04540998116135597,0.4734319746494293,0.6320420503616333,-0.04590265080332756,0.45030713081359863,0.5456457734107971,-0.030910253524780273,0.4714382290840149,0.6076442003250122,-0.04905625060200691,0.4610360264778137,0.6351711750030518,-0.04519591107964516,0.45150527358055115,0.6256919503211975,-0.04025321081280708,0.4275018572807312,0.5599614977836609,-0.040860820561647415,0.4443650245666504,0.6075242161750793,-0.05072895810008049,0.4413176476955414,0.630091667175293,-0.045058462768793106,0.43402236700057983,0.6236421465873718,-0.03924054279923439,Q
0.637352466583252,0.5748161673545837,-3.727712112322479e-07,0.6004647612571716,0.5593132376670837,-0.0059469579719007015,0.5688185691833496,0.5376545190811157,-0.015318836085498333,0.5460030436515808,0.5283163189888,-0.026763681322336197,0.5268815159797668,0.5089352130889893,-0.03559526056051254,0.5807060599327087,0.4182267487049103,-0.0040947264060378075,0.5430603623390198,0.4161834120750427,-0.023357564583420753,0.5356967449188232,0.4577327072620392,-0.033841997385025024,0.538415253162384,0.4914691746234894,-0.03812456503510475,0.5974858403205872,0.4105358421802521,-0.009254198521375656,0.5604606866836548,0.44891494512557983,-0.02602623589336872,0.5717763304710388,0.4954089820384979,-0.02862853929400444,0.5852257013320923,0.49824416637420654,-0.02763906493782997,0.6149933338165283,0.41590896248817444,-0.01708677038550377,0.5791378617286682,0.46163418889045715,-0.030547529458999634,0.5915274620056152,0.5013027787208557,-0.024077091366052628,0.604168713092804,0.4981754422187805,-0.01763884164392948,0.6322786211967468,0.43334805965423584,-0.02625329978764057,0.6011680364608765,0.4638446867465973,-0.03321066498756409,0.6064395904541016,0.49391260743141174,-0.027150826528668404,0.6167388558387756,0.494925856590271,-0.020498378202319145,Q
0.4190036654472351,0.6682391166687012,-3.733992315346768e-08,0.45675069093704224,0.6735361218452454,-0.0037757796235382557,0.487070769071579,0.6639078855514526,-0.013806388713419437,0.5052300095558167,0.6519626379013062,-0.02681148611009121,0.5077754259109497,0.6295875310897827,-0.0393863283097744,0.4943849444389343,0.5595701336860657,-0.01116083562374115,0.5147843360900879,0.5131673216819763,-0.02970435842871666,0.5293394923210144,0.5158994793891907,-0.041031576693058014,0.5364590883255005,0.5333608388900757,-0.04669346660375595,0.4749055504798889,0.5431901216506958,-0.01882356032729149,0.49774670600891113,0.591751217842102,-0.03695923462510109,0.4852356016635895,0.6312522888183594,-0.04094402492046356,0.4740556478500366,0.6299117803573608,-0.04123006388545036,0.4528175890445709,0.5467409491539001,-0.0277462899684906,0.4726572036743164,0.6082227826118469,-0.0439973883330822,0.46242231130599976,0.6358349323272705,-0.04012618586421013,0.45343318581581116,0.6265240907669067,-0.03533052280545235,0.43031853437423706,0.5603758096694946,-0.037462588399648666,0.44638264179229736,0.6080645322799683,-0.04628998786211014,0.4433167576789856,0.6315357089042664,-0.04062129557132721,0.4367932081222534,0.6255942583084106,-0.03456810489296913,Q
0.6403170824050903,0.5652446746826172,-3.7977170563863183e-07,0.6006216406822205,0.5518248081207275,-0.003652715589851141,0.567620575428009,0.5338161587715149,-0.011889954097568989,0.5446857213973999,0.5272705554962158,-0.0225844569504261,0.5238315463066101,0.511275053024292,-0.03118792548775673,0.5782416462898254,0.4148085117340088,-0.00158375792670995,0.5400369167327881,0.4178831875324249,-0.019740868359804153,0.5319843292236328,0.45588037371635437,-0.030741224065423012,0.5344234704971313,0.48668432235717773,-0.035985317081213,0.5933627486228943,0.4069429934024811,-0.00809202715754509,0.5547725558280945,0.4490833282470703,-0.024570558220148087,0.5669134855270386,0.49304407835006714,-0.02835150994360447,0.5807955265045166,0.49736931920051575,-0.028572292998433113,0.6094632148742676,0.41152510046958923,-0.016986092552542686,0.5730389952659607,0.46107983589172363,-0.030876846984028816,0.5872834324836731,0.498658150434494,-0.025372134521603584,0.6000805497169495,0.49688422679901123,-0.019683189690113068,0.6263659596443176,0.42770659923553467,-0.02689782902598381,0.5951439142227173,0.4626619517803192,-0.03451814129948616,0.6018545627593994,0.492213636636734,-0.028954816982150078,0.6120690703392029,0.4939988851547241,-0.022889520972967148,Q
0.4130226969718933,0.6719422936439514,1.116779113630173e-08,0.4527014493942261,0.6708954572677612,-0.004753868095576763,0.48318594694137573,0.6582545638084412,-0.015010811388492584,0.5007410645484924,0.6454474925994873,-0.027904760092496872,0.504709005355835,0.6259963512420654,-0.04063945636153221,0.48834630846977234,0.5516760349273682,-0.009439541958272457,0.5107667446136475,0.5175350904464722,-0.024069510400295258,0.5264463424682617,0.4975202977657318,-0.0339021235704422,0.5371914505958557,0.4821355938911438,-0.04086552932858467,0.4691012501716614,0.5379753708839417,-0.017268594354391098,0.49611660838127136,0.5873838067054749,-0.03439048305153847,0.48377007246017456,0.6259438395500183,-0.03879306837916374,0.4724881649017334,0.6222491264343262,-0.040014587342739105,0.4481707513332367,0.5440833568572998,-0.026056265458464622,0.47104161977767944,0.6034895181655884,-0.04263458400964737,0.46063196659088135,0.6325919032096863,-0.03866218402981758,0.45153430104255676,0.6229175329208374,-0.034001465886831284,0.42754697799682617,0.560287356376648,-0.03571305051445961,0.4460459053516388,0.6052343845367432,-0.0450558140873909,0.44170233607292175,0.6294964551925659,-0.03952031582593918,0.4339267909526825,0.6238447427749634,-0.034043796360492706,Q
0.6405563950538635,0.5517358183860779,-3.4732326525954704e-07,0.6003900170326233,0.5408233404159546,-0.0032928348518908024,0.5677778720855713,0.5235481262207031,-0.011696036905050278,0.5437747836112976,0.5197209119796753,-0.022305071353912354,0.5202236771583557,0.513300895690918,-0.03134775906801224,0.575311005115509,0.4072190821170807,-0.0010957319755107164,0.5386819243431091,0.41843339800834656,-0.01818358711898327,0.5278024673461914,0.4529701769351959,-0.029116015881299973,0.5265130400657654,0.4841630160808563,-0.03476730361580849,0.5908337235450745,0.39803361892700195,-0.008054042235016823,0.5522530674934387,0.4419020712375641,-0.02316405065357685,0.5650516748428345,0.4847332835197449,-0.02664170414209366,0.5791207551956177,0.4894587993621826,-0.027044089511036873,0.6075118184089661,0.40351545810699463,-0.01724727638065815,0.5715163350105286,0.4561241567134857,-0.030252624303102493,0.5858938097953796,0.4932700991630554,-0.024593180045485497,0.5979695320129395,0.49184665083885193,-0.01924877241253853,0.6246117353439331,0.4214538633823395,-0.027410347014665604,0.5934080481529236,0.46021169424057007,-0.034920793026685715,0.6010729670524597,0.4896526038646698,-0.029149873182177544,0.6110721230506897,0.49091580510139465,-0.023311320692300797,Q
0.41394928097724915,0.6712119579315186,2.5678430493059068e-09,0.45482832193374634,0.672035813331604,-0.003994788974523544,0.48525270819664,0.6610399484634399,-0.014642082154750824,0.5028453469276428,0.6477800607681274,-0.028008276596665382,0.5021125078201294,0.6276009678840637,-0.04132956638932228,0.48877596855163574,0.5548832416534424,-0.012706534005701542,0.5061661005020142,0.5086554884910583,-0.027417156845331192,0.5196857452392578,0.48278141021728516,-0.03684963285923004,0.5296855568885803,0.4646592140197754,-0.04342753067612648,0.4691144824028015,0.5401811003684998,-0.02088826522231102,0.49447789788246155,0.5930561423301697,-0.03896273672580719,0.4827921390533447,0.6317813992500305,-0.04322537034749985,0.47126561403274536,0.630470335483551,-0.043906208127737045,0.4474104344844818,0.5460048913955688,-0.029599525034427643,0.46971890330314636,0.6091198921203613,-0.04627690836787224,0.4601868987083435,0.6368513703346252,-0.04236948490142822,0.45101049542427063,0.628664493560791,-0.037535589188337326,0.425873339176178,0.5616464614868164,-0.03910762444138527,0.4444504976272583,0.6097780466079712,-0.04820817708969116,0.44102123379707336,0.6338626742362976,-0.04267679527401924,0.43363896012306213,0.6303120255470276,-0.03699350357055664,Q
0.6402228474617004,0.550088107585907,-3.3751896921785374e-07,0.6011462211608887,0.5413218140602112,-0.004526414908468723,0.567488431930542,0.5233486890792847,-0.013521269895136356,0.5428193807601929,0.519132137298584,-0.024520087987184525,0.5186409950256348,0.5124101638793945,-0.033568963408470154,0.5747506618499756,0.40587443113327026,-0.0028096591122448444,0.538212239742279,0.4155483841896057,-0.020042987540364265,0.5276365876197815,0.45094600319862366,-0.030694518238306046,0.526356041431427,0.4839337170124054,-0.036257609724998474,0.5900461673736572,0.39665377140045166,-0.009272882714867592,0.5515633821487427,0.4430370330810547,-0.024523422122001648,0.5666326880455017,0.484403133392334,-0.027083607390522957,0.5813113451004028,0.48598384857177734,-0.02696348913013935,0.606433629989624,0.40255025029182434,-0.018119093030691147,0.5702846050262451,0.4566896855831146,-0.030968954786658287,0.5860001444816589,0.49167975783348083,-0.024208568036556244,0.5980436205863953,0.48758992552757263,-0.018402274698019028,0.6230058670043945,0.42086660861968994,-0.028149615973234177,0.5920929908752441,0.4608404338359833,-0.035664599388837814,0.6003381609916687,0.4885464906692505,-0.02977541647851467,0.6101998686790466,0.487454354763031,-0.024019386619329453,Q
0.4144965708255768,0.6706158518791199,-7.099266507992752e-09,0.45467859506607056,0.6696292757987976,-0.004847047384828329,0.48521122336387634,0.6579391360282898,-0.015305939130485058,0.502378523349762,0.6445314884185791,-0.028329404070973396,0.5017371773719788,0.6254947781562805,-0.04130719602108002,0.4873531460762024,0.5541810989379883,-0.011910241097211838,0.5043377876281738,0.5128588080406189,-0.02594738081097603,0.5167053937911987,0.4865272045135498,-0.03505219519138336,0.5262535214424133,0.46619686484336853,-0.04159548133611679,0.46780508756637573,0.5384881496429443,-0.019624069333076477,0.49292290210723877,0.589120626449585,-0.03770510107278824,0.4816577136516571,0.6298043131828308,-0.042225610464811325,0.4708031117916107,0.6304600834846497,-0.042869001626968384,0.4463604688644409,0.543380856513977,-0.027930742129683495,0.4685952365398407,0.6031253337860107,-0.04487283155322075,0.45907267928123474,0.6333745121955872,-0.041074689477682114,0.44994544982910156,0.6275044083595276,-0.035953231155872345,0.42473024129867554,0.5579738616943359,-0.037077102810144424,0.4419889450073242,0.6013237833976746,-0.046375587582588196,0.43988168239593506,0.626531183719635,-0.04097902029752731,0.43398499488830566,0.6255192160606384,-0.035206373780965805,Q
0.6383251547813416,0.5515801906585693,-3.5107601092931873e-07,0.6006448268890381,0.5428208112716675,-0.004670382477343082,0.5675801038742065,0.5262666940689087,-0.01383654959499836,0.5435165762901306,0.51984041929245,-0.02512451633810997,0.5203372836112976,0.5085505247116089,-0.034446924924850464,0.5723003149032593,0.4082908630371094,-0.0022445344366133213,0.5363032817840576,0.4164697825908661,-0.02071978710591793,0.5269556045532227,0.45177149772644043,-0.03181883320212364,0.5272241830825806,0.48379677534103394,-0.03709403797984123,0.5874044299125671,0.39869871735572815,-0.008576241321861744,0.5505110621452332,0.4409228563308716,-0.024977082386612892,0.5643470883369446,0.48430681228637695,-0.02796696498990059,0.5783469676971436,0.4873088598251343,-0.02747325412929058,0.6037600040435791,0.4024314284324646,-0.01744239032268524,0.5693212747573853,0.4553655982017517,-0.03156561776995659,0.5848817229270935,0.4923933744430542,-0.025226829573512077,0.5972790718078613,0.48889225721359253,-0.01891457475721836,0.6211291551589966,0.4179365932941437,-0.02743464708328247,0.5905466675758362,0.4568853974342346,-0.03527676314115524,0.5990571975708008,0.4860084056854248,-0.029233122244477272,0.6093814969062805,0.48566654324531555,-0.02288210019469261,Q
0.41350841522216797,0.6736294031143188,-1.860657583563352e-08,0.4522576630115509,0.6736147403717041,-0.00461900420486927,0.4822060465812683,0.6593800187110901,-0.01383768767118454,0.4994756579399109,0.6456811428070068,-0.02546810545027256,0.5055478811264038,0.6268996596336365,-0.036903876811265945,0.4860377609729767,0.5565396547317505,-0.009750690311193466,0.5036010146141052,0.5183165669441223,-0.023595565930008888,0.5154561400413513,0.4957802891731262,-0.03287726268172264,0.524224042892456,0.47936490178108215,-0.039450280368328094,0.4670303761959076,0.5413776636123657,-0.017108138650655746,0.4924129843711853,0.5918341279029846,-0.03378790616989136,0.48114028573036194,0.6302928328514099,-0.038230050355196,0.46974021196365356,0.6306809186935425,-0.03937806934118271,0.445685476064682,0.5467645525932312,-0.02531539462506771,0.46748995780944824,0.6056038737297058,-0.04144726321101189,0.4581276774406433,0.6342877745628357,-0.03794945776462555,0.4491182565689087,0.6275269985198975,-0.0335286520421505,0.42400074005126953,0.561850368976593,-0.03433797135949135,0.44167280197143555,0.6047930717468262,-0.04363540560007095,0.43876686692237854,0.6288304328918457,-0.03858932480216026,0.43185168504714966,0.6254990696907043,-0.0333140604197979,Q
0.6355375051498413,0.5551634430885315,-3.5336188375367783e-07,0.5965403914451599,0.5436397194862366,-0.003765026805922389,0.5644915699958801,0.5286908745765686,-0.013342700898647308,0.5410217642784119,0.5246307849884033,-0.025231465697288513,0.519044041633606,0.512531578540802,-0.035010650753974915,0.5725874900817871,0.405825674533844,-0.002533195773139596,0.5344258546829224,0.41721391677856445,-0.020062647759914398,0.5258984565734863,0.4541868567466736,-0.03007613494992256,0.5268107652664185,0.4849449396133423,-0.03484484180808067,0.5870915055274963,0.3957233130931854,-0.009339666925370693,0.5479604005813599,0.44193074107170105,-0.025304127484560013,0.5628130435943604,0.4855814278125763,-0.027774931862950325,0.5773200988769531,0.48613446950912476,-0.027110092341899872,0.6026691198348999,0.39935359358787537,-0.018422793596982956,0.5663908123970032,0.4535185694694519,-0.03152363374829292,0.5821147561073303,0.4913541078567505,-0.024700945243239403,0.5944913029670715,0.48592591285705566,-0.01855107955634594,0.6189616918563843,0.4159336984157562,-0.02858671545982361,0.5882424712181091,0.4545866847038269,-0.03587935119867325,0.5966501235961914,0.4841165542602539,-0.02967585064470768,0.6072217226028442,0.4829128086566925,-0.023375919088721275,Q
0.41589298844337463,0.6748291850090027,-1.5240155804008282e-08,0.4539336562156677,0.6749870181083679,-0.004308859817683697,0.4828821122646332,0.6630403995513916,-0.014405474066734314,0.5006420016288757,0.6513056755065918,-0.026975886896252632,0.5039477348327637,0.6369885206222534,-0.03939630463719368,0.48792558908462524,0.5618215203285217,-0.012465188279747963,0.5039366483688354,0.5157559514045715,-0.02725636586546898,0.5155315399169922,0.49303948879241943,-0.03649420291185379,0.5238040685653687,0.47929802536964417,-0.04266604408621788,0.4686443507671356,0.5467330813407898,-0.020071450620889664,0.49233463406562805,0.5947648286819458,-0.038219716399908066,0.4808625876903534,0.6340308785438538,-0.04231962934136391,0.4695209860801697,0.6369466185569763,-0.04259496182203293,0.4471310079097748,0.551899790763855,-0.02833644114434719,0.467002272605896,0.612117350101471,-0.04506799206137657,0.45774516463279724,0.639231264591217,-0.041635192930698395,0.44932299852371216,0.6327041983604431,-0.03692226856946945,0.425599068403244,0.5667116045951843,-0.037338849157094955,0.44131118059158325,0.612906813621521,-0.0464523546397686,0.43878114223480225,0.6355783939361572,-0.04146351292729378,0.432916522026062,0.6315338015556335,-0.036108408123254776,Q
0.639215350151062,0.5564731359481812,-3.5453172131383326e-07,0.5998874306678772,0.5480276942253113,-0.0036477872636169195,0.5662108659744263,0.5329365730285645,-0.012628819793462753,0.5417472124099731,0.5305753350257874,-0.02401791699230671,0.5192819237709045,0.520857036113739,-0.03329549729824066,0.571951150894165,0.4097501039505005,-0.0014267199439927936,0.5335801839828491,0.41971921920776367,-0.019792592152953148,0.5249996185302734,0.4581707715988159,-0.031283266842365265,0.5263893008232117,0.49042466282844543,-0.03695198521018028,0.586040735244751,0.4000134766101837,-0.008190861903131008,0.5482972264289856,0.44534483551979065,-0.024541106075048447,0.5629248023033142,0.4862193763256073,-0.028007784858345985,0.5775284171104431,0.4863496720790863,-0.028087299317121506,0.6018046736717224,0.40376609563827515,-0.01737019047141075,0.5667232275009155,0.45703962445259094,-0.030475635081529617,0.5820016860961914,0.49219903349876404,-0.024198440834879875,0.5944684147834778,0.485981822013855,-0.01832285337150097,0.61805260181427,0.420098215341568,-0.027721621096134186,0.5874142646789551,0.4580698311328888,-0.034711215645074844,0.5954686999320984,0.4851197302341461,-0.0287458635866642,0.6060371994972229,0.48236939311027527,-0.022620776668190956,Q
0.41594135761260986,0.6780700087547302,-3.3286834399959275e-10,0.4565410315990448,0.677344560623169,-0.004073294810950756,0.4871060252189636,0.6674808859825134,-0.015432079322636127,0.505454957485199,0.6548586487770081,-0.029687145724892616,0.5033329725265503,0.6361030340194702,-0.04382671043276787,0.4894312620162964,0.5623943209648132,-0.011961312033236027,0.5068355202674866,0.5171406865119934,-0.027277488261461258,0.5197688341140747,0.4930216073989868,-0.03683878481388092,0.5277999639511108,0.47703123092651367,-0.04319266602396965,0.4693639874458313,0.5470858216285706,-0.02032412774860859,0.49378958344459534,0.5954821109771729,-0.03809193894267082,0.4818015694618225,0.6348804235458374,-0.041370656341314316,0.4705125391483307,0.6315113306045532,-0.0412939228117466,0.4478600323200226,0.5526317954063416,-0.029450079426169395,0.4687119424343109,0.612127423286438,-0.045897990465164185,0.4594438374042511,0.6397269368171692,-0.0412895567715168,0.45045214891433716,0.6294691562652588,-0.0360606350004673,0.426467627286911,0.5683122873306274,-0.03940479829907417,0.44277340173721313,0.6151120662689209,-0.04809475317597389,0.4403386414051056,0.6380156874656677,-0.04211064428091049,0.4335593581199646,0.6323397159576416,-0.03625309467315674,Q
0.6392472982406616,0.5549030303955078,-3.5946632692684943e-07,0.6003842353820801,0.5475279688835144,-0.004784672521054745,0.5665920376777649,0.5338664054870605,-0.013472704216837883,0.5429834127426147,0.5309892296791077,-0.02421247959136963,0.5220737457275391,0.5186020135879517,-0.03257348760962486,0.5722602605819702,0.40912100672721863,-0.0019980724900960922,0.5344234108924866,0.420168936252594,-0.019599854946136475,0.5264813303947449,0.4587153196334839,-0.03017963469028473,0.5283229351043701,0.49008721113204956,-0.03531738743185997,0.5864468216896057,0.3987598419189453,-0.008147685788571835,0.5489598512649536,0.44516634941101074,-0.024368854239583015,0.5643002986907959,0.4872133433818817,-0.027442827820777893,0.5796489715576172,0.4878578186035156,-0.027135562151670456,0.6022489070892334,0.4018861949443817,-0.016797974705696106,0.5679069757461548,0.4546789228916168,-0.030486037954688072,0.5833438038825989,0.49175357818603516,-0.024191224947571754,0.5959446430206299,0.48655810952186584,-0.01807319186627865,0.6191542744636536,0.4174650311470032,-0.026649903506040573,0.5897651314735413,0.4538438022136688,-0.034185729920864105,0.5974157452583313,0.4836500287055969,-0.028190774843096733,0.6075321435928345,0.48366737365722656,-0.021896518766880035,Q
0.4144241511821747,0.6692799925804138,-3.891671696010235e-08,0.45403581857681274,0.6726568937301636,-0.002602884778752923,0.48504364490509033,0.6643221378326416,-0.012171278707683086,0.5040793418884277,0.6531734466552734,-0.024791289120912552,0.5019079446792603,0.6332517862319946,-0.037232451140880585,0.48985379934310913,0.5631306767463684,-0.010857444256544113,0.5084356069564819,0.5189067721366882,-0.0269522313028574,0.5212991237640381,0.5081227421760559,-0.03733130171895027,0.5289598703384399,0.5082367658615112,-0.04362626001238823,0.4705677628517151,0.546929657459259,-0.01931915618479252,0.49162089824676514,0.6036260724067688,-0.03731214255094528,0.4797685742378235,0.6402823328971863,-0.04183867946267128,0.4694092273712158,0.6391006708145142,-0.04281560331583023,0.4479842483997345,0.5508581399917603,-0.028509167954325676,0.46658846735954285,0.6198043823242188,-0.04505307599902153,0.45585769414901733,0.6439290046691895,-0.04208764433860779,0.4470207095146179,0.6333326697349548,-0.03796415030956268,0.42540207505226135,0.5645071268081665,-0.0383312962949276,0.4403913617134094,0.615961492061615,-0.04724309220910072,0.43636783957481384,0.6361251473426819,-0.04221611097455025,0.4293380379676819,0.6289121508598328,-0.03691714629530907,Q
0.6412920951843262,0.5557584762573242,-3.529007415181695e-07,0.6034612059593201,0.5489346385002136,-0.005379395093768835,0.5705915689468384,0.5365790128707886,-0.014878527261316776,0.5468175411224365,0.5354558229446411,-0.02632620930671692,0.5249152183532715,0.5250657796859741,-0.03552601486444473,0.5734909176826477,0.41367307305336,-0.002946519525721669,0.5374574065208435,0.4249056875705719,-0.020999832078814507,0.529719352722168,0.46309375762939453,-0.03136974573135376,0.531747043132782,0.4953804612159729,-0.036177970468997955,0.5882443189620972,0.4021190404891968,-0.008913600817322731,0.5518447756767273,0.44868478178977966,-0.025228144600987434,0.5660862922668457,0.491838663816452,-0.028164105489850044,0.5800309181213379,0.49301835894584656,-0.027703143656253815,0.604766309261322,0.40479373931884766,-0.017393916845321655,0.5714077353477478,0.45871901512145996,-0.03136457875370979,0.5866764783859253,0.4961775541305542,-0.025034302845597267,0.5986713171005249,0.49167343974113464,-0.018833693116903305,0.6223008036613464,0.41989096999168396,-0.027040135115385056,0.5930357575416565,0.4588814973831177,-0.03485092893242836,0.6010369658470154,0.4892008602619171,-0.028881967067718506,0.6110934019088745,0.488998144865036,-0.022588564082980156,Q
0.4132680594921112,0.6759762167930603,5.379924838955219e-10,0.4512459635734558,0.6792869567871094,-0.004641191568225622,0.48023417592048645,0.67072594165802,-0.015460449270904064,0.4981094002723694,0.6593671441078186,-0.02882680483162403,0.4998566806316376,0.645849347114563,-0.04215922951698303,0.4882727265357971,0.5702314972877502,-0.013840002939105034,0.5092260241508484,0.5329775810241699,-0.030212081968784332,0.524869978427887,0.5160224437713623,-0.04073164984583855,0.5360147356987,0.5076322555541992,-0.0475698783993721,0.46862462162971497,0.5541612505912781,-0.02142583206295967,0.4910978674888611,0.6091806888580322,-0.04050028324127197,0.47887665033340454,0.6441229581832886,-0.0449514165520668,0.46769797801971436,0.6433688402175903,-0.04556681960821152,0.44693228602409363,0.5587065815925598,-0.029749520123004913,0.46502795815467834,0.6270856857299805,-0.04663559049367905,0.4551355540752411,0.6496089100837708,-0.04343103617429733,0.4472535252571106,0.6397355794906616,-0.03903532773256302,0.4252992868423462,0.572931170463562,-0.03894127160310745,0.4395769238471985,0.6251828670501709,-0.04812508821487427,0.43537601828575134,0.6435497403144836,-0.043614424765110016,0.42908793687820435,0.6346766948699951,-0.03869680315256119,Q
0.6400194764137268,0.5645409822463989,-3.63030864036773e-07,0.6021382808685303,0.5563990473747253,-0.0037532125134021044,0.5696294903755188,0.5410823225975037,-0.012346594594419003,0.5467347502708435,0.5377874970436096,-0.023240314796566963,0.5254819989204407,0.5272996425628662,-0.03191911056637764,0.5749171376228333,0.4177093803882599,-0.001439473475329578,0.5374740958213806,0.4283531904220581,-0.01918497495353222,0.5291812419891357,0.46637317538261414,-0.02954155206680298,0.5313272476196289,0.49748194217681885,-0.03441662713885307,0.5892084240913391,0.4076375961303711,-0.0081442566588521,0.5517584085464478,0.45525622367858887,-0.023978235200047493,0.5666882395744324,0.49723565578460693,-0.026606004685163498,0.5814262628555298,0.4972417950630188,-0.026040060445666313,0.6052152514457703,0.4111034572124481,-0.017284365370869637,0.5706126689910889,0.46556952595710754,-0.030442791059613228,0.586344301700592,0.5015187859535217,-0.02389109879732132,0.5989864468574524,0.49551206827163696,-0.017763078212738037,0.6222872734069824,0.42731815576553345,-0.027576761320233345,0.5919516086578369,0.46507206559181213,-0.03481253981590271,0.5997892618179321,0.49389412999153137,-0.028751200065016747,0.610048770904541,0.493346244096756,-0.022461900487542152,Q
0.4147891700267792,0.6756802797317505,1.295691554048517e-08,0.4525262713432312,0.6798645257949829,-0.005558549892157316,0.4824461340904236,0.6719841361045837,-0.016858775168657303,0.5005843043327332,0.6604238152503967,-0.030590549111366272,0.49870312213897705,0.6459501385688782,-0.04432404786348343,0.4885253608226776,0.5673450231552124,-0.014725819230079651,0.5096225738525391,0.5266782641410828,-0.030779577791690826,0.524193286895752,0.5044841170310974,-0.04089309275150299,0.5347012877464294,0.4903082549571991,-0.04763248562812805,0.46849068999290466,0.5519532561302185,-0.02206854149699211,0.4911748170852661,0.6083878874778748,-0.04155008867383003,0.47978320717811584,0.6447327733039856,-0.0459781177341938,0.46934443712234497,0.6441932320594788,-0.04655984044075012,0.4467256963253021,0.5573508143424988,-0.03013976477086544,0.46570315957069397,0.6267343163490295,-0.04721826687455177,0.45530712604522705,0.650210440158844,-0.043693821877241135,0.4467710256576538,0.6405249834060669,-0.039103176444768906,0.42536935210227966,0.5721982717514038,-0.03920704498887062,0.44065579771995544,0.6251997351646423,-0.04831869527697563,0.4365995526313782,0.6451601982116699,-0.04353029280900955,0.42998963594436646,0.6379314661026001,-0.038442596793174744,Q
0.6414814591407776,0.5595020651817322,-3.5259927244624123e-07,0.6037423014640808,0.5527909398078918,-0.005148804280906916,0.5705778002738953,0.5402436256408691,-0.01433686725795269,0.5474029183387756,0.5378287434577942,-0.0255134254693985,0.5255938768386841,0.5278592705726624,-0.03441520035266876,0.5730006098747253,0.4189581274986267,-0.0033870635088533163,0.5369435548782349,0.4280446171760559,-0.02172010764479637,0.5296186804771423,0.46589457988739014,-0.03223416581749916,0.5323736667633057,0.49716871976852417,-0.03709763288497925,0.5879451036453247,0.40824079513549805,-0.009524503722786903,0.5524802803993225,0.4540707468986511,-0.026298824697732925,0.5668492317199707,0.4958833158016205,-0.029420284554362297,0.5804912447929382,0.4961906671524048,-0.02902759611606598,0.6045466065406799,0.4107254147529602,-0.01816638372838497,0.5718258619308472,0.4657018482685089,-0.03227952867746353,0.5873347520828247,0.500910222530365,-0.026082606986165047,0.5992391705513,0.49484750628471375,-0.019963888451457024,0.622066080570221,0.42488762736320496,-0.0279804989695549,0.5927367806434631,0.4643611013889313,-0.0356917679309845,0.6009381413459778,0.49151328206062317,-0.029827799648046494,0.6108347177505493,0.488863080739975,-0.023590071126818657,Q
0.41307711601257324,0.6778925657272339,3.6416436532960006e-09,0.4518212378025055,0.6805631518363953,-0.004861298017203808,0.48303183913230896,0.6718064546585083,-0.015217135660350323,0.5017819404602051,0.6613990068435669,-0.028063969686627388,0.5002363324165344,0.6441459655761719,-0.04097163677215576,0.4873829782009125,0.5662369728088379,-0.012922899797558784,0.5087411403656006,0.5296267867088318,-0.027740657329559326,0.5233060121536255,0.5085462331771851,-0.03756549581885338,0.5338332653045654,0.493042528629303,-0.04435572028160095,0.4679504930973053,0.5516185760498047,-0.020450102165341377,0.49164941906929016,0.6074973940849304,-0.03869859129190445,0.48019805550575256,0.6439312696456909,-0.043338462710380554,0.4692104160785675,0.6428230404853821,-0.04429376497864723,0.4462365508079529,0.5574151873588562,-0.028618868440389633,0.4662461578845978,0.6226884722709656,-0.0452999472618103,0.4565076529979706,0.6481949090957642,-0.042179036885499954,0.44791385531425476,0.6396392583847046,-0.037814002484083176,0.42488282918930054,0.5724892616271973,-0.03763513267040253,0.44112733006477356,0.6211609840393066,-0.04665759205818176,0.4379454255104065,0.6427909135818481,-0.041757501661777496,0.4315143823623657,0.6382342576980591,-0.036566175520420074,Q
0.640590488910675,0.5609748363494873,-3.4613879051903496e-07,0.6030091047286987,0.5531013607978821,-0.004733141977339983,0.5707395672798157,0.5384821891784668,-0.014004575088620186,0.5477234721183777,0.5372048020362854,-0.02523626945912838,0.526465892791748,0.5291891098022461,-0.03441045060753822,0.5776325464248657,0.41648223996162415,-0.004136424511671066,0.540183424949646,0.42845991253852844,-0.02257717400789261,0.5313984751701355,0.4671235978603363,-0.03403317555785179,0.5317884683609009,0.4994407594203949,-0.03978268429636955,0.5929073095321655,0.4053359627723694,-0.010220373049378395,0.5562185049057007,0.45236995816230774,-0.02666478231549263,0.5710368156433105,0.49328213930130005,-0.030134625732898712,0.5859561562538147,0.4943705201148987,-0.03041202388703823,0.6095995903015137,0.40873903036117554,-0.01862727478146553,0.5754038095474243,0.46116718649864197,-0.031511690467596054,0.5898499488830566,0.4969155490398407,-0.025244425982236862,0.6021820902824402,0.49202582240104675,-0.019606245681643486,0.6269106864929199,0.4246734380722046,-0.028282325714826584,0.5975256562232971,0.46135228872299194,-0.03531463444232941,0.6043998003005981,0.48867952823638916,-0.02949715591967106,0.6142153739929199,0.48737066984176636,-0.023587757721543312,Q
0.41439247131347656,0.677415132522583,-6.964151033628241e-09,0.4520198702812195,0.6786215901374817,-0.004362004809081554,0.48109808564186096,0.6693349480628967,-0.014821771532297134,0.49905866384506226,0.6597219705581665,-0.027804268524050713,0.5009823441505432,0.6458268761634827,-0.040787987411022186,0.48725587129592896,0.5682559013366699,-0.01323862187564373,0.5047965049743652,0.5246946215629578,-0.028181662783026695,0.5189142227172852,0.5039524435997009,-0.03773685172200203,0.5292333364486694,0.49168476462364197,-0.04408305138349533,0.46823015809059143,0.5536168217658997,-0.020972082391381264,0.49061596393585205,0.605450451374054,-0.03953922167420387,0.4794396758079529,0.6451272368431091,-0.04404443874955177,0.4681844711303711,0.6481795907020569,-0.04448915272951126,0.44652166962623596,0.5588364601135254,-0.0292645450681448,0.4652514159679413,0.6229538917541504,-0.046322762966156006,0.4563846290111542,0.6509160399436951,-0.043120644986629486,0.4480935037136078,0.6452810764312744,-0.0383061021566391,0.4247385859489441,0.5728752613067627,-0.038271550089120865,0.43977686762809753,0.6204516887664795,-0.04735179245471954,0.4371534287929535,0.643867015838623,-0.04217850789427757,0.43112659454345703,0.6407257914543152,-0.03658292442560196,Q
0.6384359002113342,0.5590803623199463,-3.2238989433608367e-07,0.6016777753829956,0.5483106374740601,-0.0069712139666080475,0.5687204003334045,0.5331143140792847,-0.017660090699791908,0.5431113839149475,0.5330138802528381,-0.030114000663161278,0.5205697417259216,0.5229585766792297,-0.040445927530527115,0.5801772475242615,0.41248032450675964,-0.00534675782546401,0.5424408316612244,0.4240032434463501,-0.02522018365561962,0.5338828563690186,0.4630149006843567,-0.03756000101566315,0.5338932871818542,0.4945203959941864,-0.04382200166583061,0.5960735082626343,0.40074193477630615,-0.010434254072606564,0.5596163272857666,0.4425944685935974,-0.028639694675803185,0.5755126476287842,0.4856787323951721,-0.03229818120598793,0.590265691280365,0.48497724533081055,-0.032262708991765976,0.6133741736412048,0.4033399820327759,-0.018201304599642754,0.5788610577583313,0.4488053619861603,-0.03279198706150055,0.5928729772567749,0.48770594596862793,-0.026178231462836266,0.6049044132232666,0.4820803999900818,-0.019833005964756012,0.6310102939605713,0.41848593950271606,-0.02733338624238968,0.6018651127815247,0.45042839646339417,-0.03538762032985687,0.6076325178146362,0.4784320890903473,-0.029709169641137123,0.6174578666687012,0.4759301245212555,-0.023681335151195526,Q
0.4125174880027771,0.6746923923492432,1.098353497042126e-08,0.45177802443504333,0.6775898933410645,-0.005895608104765415,0.4825882017612457,0.6682751178741455,-0.017314208671450615,0.5010750889778137,0.6563450694084167,-0.031310174614191055,0.4988723397254944,0.6388391852378845,-0.04507245495915413,0.48743942379951477,0.5657639503479004,-0.014473500661551952,0.5070359110832214,0.5202208757400513,-0.03141509369015694,0.5222947597503662,0.5045003890991211,-0.041891444474458694,0.5328329801559448,0.4999415874481201,-0.04823583364486694,0.46771004796028137,0.5497257709503174,-0.021638920530676842,0.4904968738555908,0.6031440496444702,-0.04092796519398689,0.47911515831947327,0.639768123626709,-0.04532748460769653,0.46895813941955566,0.6385944485664368,-0.045652005821466446,0.4459434151649475,0.5539314150810242,-0.029751207679510117,0.4646577835083008,0.6219437122344971,-0.04725871980190277,0.4547443687915802,0.6462295651435852,-0.044265955686569214,0.4465845823287964,0.635954737663269,-0.03965834900736809,0.4244881272315979,0.5675088763237,-0.03882206976413727,0.4391632378101349,0.6190974712371826,-0.048167530447244644,0.43612954020500183,0.6403306722640991,-0.043331511318683624,0.4303256869316101,0.6346856951713562,-0.03789201378822327,Q
0.635504961013794,0.5572488903999329,-3.24185009503708e-07,0.6003727912902832,0.5490530133247375,-0.007632699329406023,0.5676223039627075,0.5338747501373291,-0.018019454553723335,0.5427118539810181,0.5318470001220703,-0.02986450120806694,0.5218220353126526,0.5182027816772461,-0.0392606295645237,0.5790884494781494,0.41434404253959656,-0.0064987847581505775,0.5420563220977783,0.42108267545700073,-0.025895558297634125,0.5336031913757324,0.45879465341567993,-0.03676609694957733,0.5336375832557678,0.4908956289291382,-0.041778434067964554,0.5947118401527405,0.4021458029747009,-0.01075814664363861,0.5597108602523804,0.44083669781684875,-0.028339823707938194,0.5754954814910889,0.48430848121643066,-0.031063996255397797,0.5897281169891357,0.48428860306739807,-0.030230680480599403,0.6117996573448181,0.4032128155231476,-0.017692895606160164,0.5780032277107239,0.4476521611213684,-0.03148157149553299,0.5921425819396973,0.4865948557853699,-0.02464061602950096,0.6036882400512695,0.48119938373565674,-0.018249519169330597,0.6292847990989685,0.41701462864875793,-0.026102382689714432,0.600848913192749,0.4489605724811554,-0.03385259583592415,0.6072067618370056,0.47681692242622375,-0.028394358232617378,0.6166305541992188,0.47423404455184937,-0.022471588104963303,Q
0.4123648405075073,0.6743689179420471,-1.5321591106953747e-08,0.45181336998939514,0.676872193813324,-0.003985228482633829,0.4813355505466461,0.6671509742736816,-0.014647981151938438,0.49899470806121826,0.6546053886413574,-0.02809874154627323,0.49801069498062134,0.6365853548049927,-0.04146505519747734,0.4871150255203247,0.5652902722358704,-0.012536310590803623,0.505545973777771,0.5199762582778931,-0.028393849730491638,0.5195485949516296,0.5024927258491516,-0.03859531506896019,0.5286284685134888,0.4961690604686737,-0.04512832313776016,0.46753114461898804,0.5500958561897278,-0.020517902448773384,0.490073025226593,0.6018985509872437,-0.038963109254837036,0.4782681465148926,0.6391914486885071,-0.04338671639561653,0.4669642746448517,0.6391623616218567,-0.044191181659698486,0.4455104172229767,0.5547559261322021,-0.029228821396827698,0.46458762884140015,0.6178661584854126,-0.04586338624358177,0.45477771759033203,0.6429904699325562,-0.04241998493671417,0.4458966553211212,0.6344396471977234,-0.0379900261759758,0.42345312237739563,0.5688071250915527,-0.038722120225429535,0.4388331174850464,0.6173177361488342,-0.04768580570816994,0.43516507744789124,0.63778156042099,-0.04265628382563591,0.42808428406715393,0.6307545304298401,-0.037438057363033295,Q
0.6348996162414551,0.5608022212982178,-3.3802461985033005e-07,0.5991089940071106,0.552013099193573,-0.005467097274959087,0.5668336749076843,0.5336955785751343,-0.014368589967489243,0.5427639484405518,0.5299569368362427,-0.025197453796863556,0.5217465162277222,0.5192902684211731,-0.033829331398010254,0.5757926106452942,0.41721802949905396,-0.0032653941307216883,0.5390402674674988,0.42249301075935364,-0.0220336951315403,0.5294687151908875,0.45974603295326233,-0.033216699957847595,0.5287936925888062,0.4920423626899719,-0.0384436696767807,0.5909388065338135,0.40623873472213745,-0.008677681908011436,0.5543672442436218,0.4439409077167511,-0.025083228945732117,0.5682820677757263,0.48743799328804016,-0.027783483266830444,0.5828138589859009,0.48806139826774597,-0.027094678953289986,0.6076026558876038,0.4084222912788391,-0.016684873029589653,0.573200523853302,0.45125332474708557,-0.029595401138067245,0.5860875844955444,0.48985394835472107,-0.02278292551636696,0.5982617735862732,0.4850258231163025,-0.01648719422519207,0.624836802482605,0.42306774854660034,-0.0260288305580616,0.5957130789756775,0.4524348974227905,-0.032786205410957336,0.6009827852249146,0.48021671175956726,-0.02670207805931568,0.6105676293373108,0.47887930274009705,-0.020477749407291412,Q
0.4127486050128937,0.6752586364746094,-3.1225919627786425e-09,0.45261523127555847,0.679409384727478,-0.005186519585549831,0.48381996154785156,0.6718096733093262,-0.016149962320923805,0.5016827583312988,0.6588493585586548,-0.029561955481767654,0.49662476778030396,0.642703652381897,-0.042866382747888565,0.4872001111507416,0.5670347809791565,-0.013510173186659813,0.5043398141860962,0.5240249037742615,-0.02917877584695816,0.5168753862380981,0.5020800828933716,-0.03911080211400986,0.5257554054260254,0.4883316159248352,-0.04568643122911453,0.4674297869205475,0.5504354238510132,-0.020982084795832634,0.4883076250553131,0.6046319603919983,-0.03946368768811226,0.47727280855178833,0.6423531174659729,-0.043603308498859406,0.46734005212783813,0.6423303484916687,-0.04397691786289215,0.4452499747276306,0.5550914406776428,-0.02920820377767086,0.46284425258636475,0.622865617275238,-0.04601653665304184,0.4535672664642334,0.6476818323135376,-0.042633187025785446,0.44607844948768616,0.6381480693817139,-0.0380183644592762,0.4234448969364166,0.5694429278373718,-0.03835029900074005,0.4378614127635956,0.621048092842102,-0.047290388494729996,0.4347321093082428,0.6424676775932312,-0.04219350218772888,0.42910340428352356,0.6366778612136841,-0.03682663291692734,Q
0.632932186126709,0.5642110705375671,-3.428814352446352e-07,0.5964493155479431,0.5539346933364868,-0.005274546332657337,0.5651826858520508,0.5369511842727661,-0.014968423172831535,0.5417032241821289,0.5317086577415466,-0.026767805218696594,0.5203524827957153,0.5186731219291687,-0.03615901991724968,0.5727580785751343,0.41761302947998047,-0.002911040559411049,0.5362829566001892,0.42548495531082153,-0.021562883630394936,0.5271311402320862,0.4618847966194153,-0.03191016614437103,0.5267226696014404,0.49167707562446594,-0.03662357106804848,0.5876696705818176,0.40729525685310364,-0.009015655145049095,0.5497487783432007,0.4473583996295929,-0.02612762153148651,0.5648306012153625,0.4927547872066498,-0.02801508456468582,0.5795429944992065,0.49147915840148926,-0.02652244083583355,0.6038895845413208,0.4093698263168335,-0.017800716683268547,0.568084180355072,0.4546678960323334,-0.03231555223464966,0.5827454924583435,0.4952867329120636,-0.024505384266376495,0.5955866575241089,0.4892157316207886,-0.017148053273558617,0.6209536194801331,0.42406296730041504,-0.027855927124619484,0.5906366109848022,0.4545527994632721,-0.035958431661129,0.5970942974090576,0.48551714420318604,-0.029458725824952126,0.6075211763381958,0.48490089178085327,-0.0226848553866148,Q
0.41281402111053467,0.6686847805976868,-1.5085163673767e-10,0.45222705602645874,0.6693347692489624,-0.00451241061091423,0.48217326402664185,0.6604694724082947,-0.01537553034722805,0.4994830787181854,0.6504335403442383,-0.02898937091231346,0.5013918280601501,0.6361464858055115,-0.042512740939855576,0.48913565278053284,0.5609059929847717,-0.012243933975696564,0.5079087615013123,0.520145058631897,-0.02755587548017502,0.5215717554092407,0.4938505291938782,-0.037909019738435745,0.5308306813240051,0.4741426706314087,-0.04524778574705124,0.46935760974884033,0.54530268907547,-0.01996537297964096,0.4909857511520386,0.5994618535041809,-0.037070631980895996,0.4791593551635742,0.6315367221832275,-0.04123205691576004,0.46840864419937134,0.625986635684967,-0.04264288395643234,0.44748827815055847,0.5506384968757629,-0.028447210788726807,0.4647636413574219,0.6141926050186157,-0.044121917337179184,0.45516812801361084,0.6359396576881409,-0.0405646488070488,0.44686025381088257,0.6233844757080078,-0.036751337349414825,0.4264460802078247,0.565924346446991,-0.0378803126513958,0.4407418966293335,0.6161051988601685,-0.04643671214580536,0.436425119638443,0.6343185305595398,-0.04163971170783043,0.4292216897010803,0.6248413920402527,-0.03705766797065735,Q
0.6351604461669922,0.5625807046890259,-3.499073955026688e-07,0.5982418060302734,0.5531609654426575,-0.004527084529399872,0.5656464695930481,0.5349590182304382,-0.013477379456162453,0.5422183275222778,0.5289183259010315,-0.024430589750409126,0.5205564498901367,0.5162001252174377,-0.03315972164273262,0.5741583704948425,0.41397592425346375,-0.002724711550399661,0.5371299386024475,0.4221739172935486,-0.02023119479417801,0.5261654257774353,0.4579038619995117,-0.031058751046657562,0.5244721174240112,0.48990803956985474,-0.0365162193775177,0.5885597467422485,0.4045640826225281,-0.009017819538712502,0.5498942732810974,0.44729530811309814,-0.02485385164618492,0.5638071894645691,0.4896862208843231,-0.027584824711084366,0.5786859393119812,0.4908938407897949,-0.02732761949300766,0.6041982173919678,0.4086190164089203,-0.017690392211079597,0.5681491494178772,0.4554532766342163,-0.030549269169569016,0.5816468596458435,0.4920169413089752,-0.023582039400935173,0.5940393209457397,0.4872899055480957,-0.017394889146089554,0.6206827163696289,0.4249446988105774,-0.027610400691628456,0.5899685621261597,0.4544928967952728,-0.03463159501552582,0.5958434343338013,0.4833677411079407,-0.028191618621349335,0.6055329442024231,0.48417049646377563,-0.021829145029187202,Q
0.4184151887893677,0.6618462800979614,6.844165678643321e-09,0.45850488543510437,0.665067195892334,-0.003688681637868285,0.4904315173625946,0.6558308601379395,-0.013367033563554287,0.51036536693573,0.6425502300262451,-0.025766177102923393,0.5076286196708679,0.6232773065567017,-0.03809777647256851,0.49196067452430725,0.5538578629493713,-0.011677457019686699,0.5111562013626099,0.5059441924095154,-0.026951730251312256,0.5258976817131042,0.48468708992004395,-0.036774732172489166,0.5353121757507324,0.47241830825805664,-0.04311168193817139,0.4728773832321167,0.5387080907821655,-0.01945803314447403,0.49643513560295105,0.5887829661369324,-0.03696879372000694,0.4864635467529297,0.6257311105728149,-0.040860868990421295,0.47594451904296875,0.6244989633560181,-0.0414295494556427,0.4513934850692749,0.5437239408493042,-0.027926960960030556,0.47045254707336426,0.6067894697189331,-0.043727416545152664,0.4617752730846405,0.6318770051002502,-0.039942480623722076,0.45355328917503357,0.6229979991912842,-0.035406701266765594,0.43034133315086365,0.5582358837127686,-0.037223149091005325,0.4455525577068329,0.6082487106323242,-0.04532370716333389,0.4426237940788269,0.6296685338020325,-0.03993239626288414,0.435629278421402,0.6240869760513306,-0.034640952944755554,Q
0.63177889585495,0.5580675601959229,-3.4952958571921044e-07,0.5945807695388794,0.5471482872962952,-0.004008781630545855,0.5618672370910645,0.5279163122177124,-0.012179589830338955,0.5383936762809753,0.5217625498771667,-0.02257123589515686,0.5170989036560059,0.5087764263153076,-0.03084777295589447,0.5718690156936646,0.4119754135608673,-0.001685515744611621,0.5352320075035095,0.4170469343662262,-0.018982982262969017,0.5244414806365967,0.4514211416244507,-0.02908991277217865,0.5227038860321045,0.48221930861473083,-0.034022796899080276,0.586567223072052,0.4008857011795044,-0.007972043007612228,0.5483957529067993,0.4401180148124695,-0.024211404845118523,0.5622560977935791,0.48426657915115356,-0.02696598507463932,0.5767245888710022,0.48616427183151245,-0.02643536403775215,0.6026835441589355,0.40261179208755493,-0.01665482670068741,0.566957414150238,0.4473755657672882,-0.030019989237189293,0.5813151597976685,0.4861202538013458,-0.023417843505740166,0.5938703417778015,0.4820363521575928,-0.017269305884838104,0.6196464896202087,0.4166295826435089,-0.02651199884712696,0.5902853608131409,0.44745469093322754,-0.03407387435436249,0.5967453718185425,0.4761714041233063,-0.028377508744597435,0.6064955592155457,0.4750783145427704,-0.0224661435931921,Q
0.42057743668556213,0.6544575691223145,1.225413015504273e-08,0.4594341516494751,0.6545522212982178,-0.003157869214192033,0.4911740720272064,0.6428939700126648,-0.013168382458388805,0.5105128288269043,0.6305049061775208,-0.025982094928622246,0.5091286301612854,0.6149612069129944,-0.03871844708919525,0.49434930086135864,0.5428984761238098,-0.010111004114151001,0.5122931003570557,0.49982786178588867,-0.025107208639383316,0.526390552520752,0.4783713221549988,-0.034573160111904144,0.535999059677124,0.46586504578590393,-0.04077703133225441,0.47504517436027527,0.5276216268539429,-0.018458835780620575,0.49954473972320557,0.5768673419952393,-0.035222720354795456,0.48791858553886414,0.6161792874336243,-0.038212478160858154,0.4775502681732178,0.6139575839042664,-0.03823373466730118,0.45377129316329956,0.5319415330886841,-0.027627581730484962,0.4739711582660675,0.5913325548171997,-0.04313964769244194,0.4646638035774231,0.6190323233604431,-0.038096752017736435,0.4564152657985687,0.6096870303153992,-0.03286648914217949,0.43256059288978577,0.5458407998085022,-0.03761807456612587,0.44876134395599365,0.591376781463623,-0.04550166055560112,0.4448637366294861,0.6152934432029724,-0.03909958526492119,0.43734171986579895,0.6102046966552734,-0.03318589925765991,Q
0.6297656893730164,0.5577510595321655,-3.652510542906384e-07,0.5945111513137817,0.5477832555770874,-0.004081078805029392,0.5622268915176392,0.5290316939353943,-0.011279989965260029,0.5390962362289429,0.5217751860618591,-0.020730052143335342,0.5187017917633057,0.5071908831596375,-0.028298204764723778,0.5694273114204407,0.4150185286998749,-0.0001927982666529715,0.5355311632156372,0.4194236695766449,-0.01677979901432991,0.5255827307701111,0.4514560401439667,-0.026557404547929764,0.524959146976471,0.4802608788013458,-0.0313292071223259,0.5842480063438416,0.4028420150279999,-0.006387719418853521,0.5477094054222107,0.44100913405418396,-0.022652102634310722,0.5596745610237122,0.48645007610321045,-0.02607586979866028,0.572883665561676,0.49146535992622375,-0.025773242115974426,0.6011009216308594,0.40289175510406494,-0.01500840112566948,0.5678651332855225,0.4468127489089966,-0.029494069516658783,0.5819051265716553,0.4863710105419159,-0.024140391498804092,0.5943607091903687,0.4845695197582245,-0.018249623477458954,0.6197016835212708,0.41401106119155884,-0.024639513343572617,0.5915952920913696,0.44271907210350037,-0.03308211639523506,0.5976660251617432,0.4736325442790985,-0.027974354103207588,0.6072086095809937,0.4753347337245941,-0.02223348245024681,Q
0.4261367619037628,0.6569485664367676,-1.8553194536252704e-08,0.46366119384765625,0.6560668349266052,-0.0052845231257379055,0.49326568841934204,0.6446655988693237,-0.01671450026333332,0.5114235877990723,0.6304576396942139,-0.030716385692358017,0.5115991830825806,0.6161002516746521,-0.043971214443445206,0.4989083409309387,0.5424557328224182,-0.010824018158018589,0.5144743919372559,0.5085813403129578,-0.028704287484288216,0.5285471677780151,0.5121673345565796,-0.03951055929064751,0.5373790264129639,0.5289137363433838,-0.04528146609663963,0.4796335995197296,0.526909589767456,-0.017911821603775024,0.5022939443588257,0.5791599750518799,-0.035272132605314255,0.4906322658061981,0.6202337145805359,-0.03828267753124237,0.48145386576652527,0.6208420991897583,-0.03793872147798538,0.45852574706077576,0.5306747555732727,-0.026503758504986763,0.47768086194992065,0.5950782299041748,-0.04225688800215721,0.4676462709903717,0.6230430603027344,-0.03783275932073593,0.459481418132782,0.6146624684333801,-0.03264366835355759,0.43696725368499756,0.5443341732025146,-0.036146774888038635,0.45208004117012024,0.5931316018104553,-0.04428500309586525,0.44821202754974365,0.6154413819313049,-0.03895740956068039,0.4414531886577606,0.6083291172981262,-0.03337704390287399,Q
0.6299765706062317,0.5581386685371399,-3.502465517613018e-07,0.595037579536438,0.5486763715744019,-0.004830843303352594,0.562821626663208,0.5283284783363342,-0.012255651876330376,0.5405572056770325,0.5208148956298828,-0.02174845151603222,0.519891619682312,0.5075985193252563,-0.02911560796201229,0.570120096206665,0.4158337414264679,-0.0008184193866327405,0.5357676148414612,0.4206531345844269,-0.017968865111470222,0.5266371965408325,0.4534206688404083,-0.02751898393034935,0.5259860157966614,0.4813801646232605,-0.03186565637588501,0.5852575898170471,0.4037584364414215,-0.006646075751632452,0.5502123832702637,0.4407849609851837,-0.02346334420144558,0.5634676218032837,0.48610126972198486,-0.026385191828012466,0.5767541527748108,0.4888709485530853,-0.025437740609049797,0.6019879579544067,0.4036715030670166,-0.015056517906486988,0.5690096616744995,0.4465041756629944,-0.02995893731713295,0.5831075310707092,0.48689398169517517,-0.024096783250570297,0.595064640045166,0.48378467559814453,-0.01768501102924347,0.6200697422027588,0.4146677553653717,-0.024555694311857224,0.5926769375801086,0.4437752664089203,-0.03295646980404854,0.5989813208580017,0.47499901056289673,-0.02756422758102417,0.608189046382904,0.4758295714855194,-0.021495487540960312,Q
0.4274529218673706,0.6592423915863037,-2.599296600180878e-08,0.4648510813713074,0.6614872217178345,-0.004983545280992985,0.49392861127853394,0.6511167287826538,-0.015502393245697021,0.5108703374862671,0.6366884708404541,-0.028427356854081154,0.5101683735847473,0.6205765604972839,-0.04078936204314232,0.5005431175231934,0.5497044324874878,-0.01142999529838562,0.5155237913131714,0.511357307434082,-0.028723178431391716,0.5281669497489929,0.5138171315193176,-0.03962819278240204,0.5353266000747681,0.5286849737167358,-0.04567014053463936,0.48045873641967773,0.5328848958015442,-0.018541507422924042,0.5006324648857117,0.5811710357666016,-0.0358593687415123,0.4906964898109436,0.6224985718727112,-0.03978221118450165,0.481672078371048,0.6259788274765015,-0.04021593555808067,0.4578900635242462,0.5361932516098022,-0.026949459686875343,0.47521746158599854,0.5990302562713623,-0.04253801703453064,0.46788325905799866,0.6273857355117798,-0.039213549345731735,0.46134355664253235,0.6210842728614807,-0.03492596745491028,0.43531733751296997,0.5496782660484314,-0.036282774060964584,0.44963034987449646,0.5968835949897766,-0.04437576234340668,0.4473839998245239,0.6199623942375183,-0.03935067728161812,0.4421124756336212,0.6148707866668701,-0.034140121191740036,Q
0.6332278847694397,0.5614656209945679,-3.45069423701716e-07,0.595765233039856,0.5520373582839966,-0.004635695368051529,0.5626891255378723,0.5349301099777222,-0.013099410571157932,0.5393471121788025,0.5297334790229797,-0.023714829236268997,0.5183916091918945,0.5175329446792603,-0.0322844497859478,0.5725041627883911,0.41799697279930115,-0.0013463995419442654,0.5365269780158997,0.42538732290267944,-0.018973182886838913,0.5271546840667725,0.46180787682533264,-0.029748693108558655,0.5266192555427551,0.4928939938545227,-0.034987252205610275,0.5873189568519592,0.4065842032432556,-0.007481568027287722,0.550865888595581,0.4436890184879303,-0.023716872557997704,0.5640759468078613,0.4878283143043518,-0.026974346488714218,0.5780321359634399,0.49070385098457336,-0.026678988710045815,0.6035361886024475,0.4076113700866699,-0.016139071434736252,0.5695160031318665,0.45032086968421936,-0.029911646619439125,0.5832877159118652,0.48965176939964294,-0.023877087980508804,0.5957833528518677,0.4866810739040375,-0.017839087173342705,0.620952844619751,0.42046087980270386,-0.025948304682970047,0.5919741988182068,0.4499288499355316,-0.03358512744307518,0.598359227180481,0.4803086221218109,-0.027761315926909447,0.6083850264549255,0.481209933757782,-0.0216048751026392,Q
0.42606616020202637,0.6629223227500916,6.109722505698301e-09,0.4632142186164856,0.6704346537590027,-0.006646865047514439,0.4944780468940735,0.6619046330451965,-0.017639895901083946,0.5123301148414612,0.6464256644248962,-0.030640076845884323,0.5091577768325806,0.6286951899528503,-0.043428707867860794,0.49847424030303955,0.5573427081108093,-0.013483967632055283,0.5158737301826477,0.5179266929626465,-0.02959524467587471,0.5296330451965332,0.5029505491256714,-0.03958519548177719,0.5386534929275513,0.4966222047805786,-0.04582548141479492,0.478543758392334,0.5396020412445068,-0.01996653527021408,0.49943166971206665,0.5910070538520813,-0.03834397718310356,0.4880514442920685,0.6336446404457092,-0.04189933463931084,0.4784146845340729,0.6357530355453491,-0.04166940227150917,0.45607736706733704,0.5423556566238403,-0.027565721422433853,0.4735344350337982,0.607601523399353,-0.04468541219830513,0.46488478779792786,0.6364440321922302,-0.040911246091127396,0.4575793445110321,0.6288827061653137,-0.03581769019365311,0.43380966782569885,0.5549557209014893,-0.036135733127593994,0.4478521943092346,0.6046180129051208,-0.04544517397880554,0.4454939365386963,0.6288170218467712,-0.040424611419439316,0.43980368971824646,0.6239802837371826,-0.03499250486493111,Q
0.6297867894172668,0.5633488893508911,-3.4359771916570025e-07,0.5937378406524658,0.5539624691009521,-0.005376626271754503,0.5622074604034424,0.537186324596405,-0.014777797274291515,0.5390546321868896,0.5312415361404419,-0.026231609284877777,0.5184600949287415,0.5182635188102722,-0.03536047786474228,0.5726403594017029,0.41889357566833496,-0.002929485170170665,0.5358627438545227,0.42485329508781433,-0.02119322679936886,0.527053713798523,0.4615108072757721,-0.031300462782382965,0.527786374092102,0.4924854636192322,-0.03588026389479637,0.5874130725860596,0.40748822689056396,-0.008804037235677242,0.5502726435661316,0.4450291097164154,-0.025735635310411453,0.5640588998794556,0.4900062680244446,-0.028091739863157272,0.5781359076499939,0.49000558257102966,-0.026945900171995163,0.6037055253982544,0.4084129333496094,-0.017330922186374664,0.5689024329185486,0.45215076208114624,-0.031779054552316666,0.5830207467079163,0.49184542894363403,-0.02501756325364113,0.5954979062080383,0.4864446520805359,-0.01837880164384842,0.6208490133285522,0.42138558626174927,-0.0270881075412035,0.5913253426551819,0.45289745926856995,-0.035285308957099915,0.5982903242111206,0.48282572627067566,-0.029583433642983437,0.6086903810501099,0.4813861548900604,-0.023410694673657417,Q
0.4280985891819,0.6664718985557556,-8.354506420005237e-09,0.4640595614910126,0.6714910268783569,-0.007110895588994026,0.4932270348072052,0.6645086407661438,-0.019170263782143593,0.5100739598274231,0.6494996547698975,-0.03344403952360153,0.5077292919158936,0.6310645341873169,-0.046977538615465164,0.4992043972015381,0.5610295534133911,-0.013052902184426785,0.5158102512359619,0.519258439540863,-0.03188153728842735,0.5291162133216858,0.5204516053199768,-0.04301559925079346,0.5359562039375305,0.5331689119338989,-0.048723939806222916,0.47885769605636597,0.5427737832069397,-0.019406108185648918,0.4991706311702728,0.5853492617607117,-0.037654727697372437,0.48818328976631165,0.6295978426933289,-0.040716588497161865,0.4789692759513855,0.6294831037521362,-0.039977625012397766,0.4564385712146759,0.5448896288871765,-0.027390006929636,0.4724451005458832,0.6061405539512634,-0.04424125328660011,0.4645841121673584,0.6363847255706787,-0.04013708978891373,0.4574838876724243,0.6269163489341736,-0.0347537137567997,0.43383708596229553,0.5577019453048706,-0.036434393376111984,0.4466093182563782,0.6065319180488586,-0.04513551667332649,0.44509467482566833,0.6307232975959778,-0.03954030200839043,0.43925291299819946,0.6238672137260437,-0.0335489921271801,Q
0.6310896873474121,0.5614284873008728,-3.43549430681378e-07,0.594096839427948,0.5527727603912354,-0.004887733608484268,0.5614690780639648,0.5353441834449768,-0.013528739102184772,0.5385751724243164,0.5300554633140564,-0.024311892688274384,0.5177015662193298,0.5176250338554382,-0.032839059829711914,0.5709795355796814,0.418783575296402,-0.0023777245078235865,0.5350446105003357,0.42457181215286255,-0.019956618547439575,0.5266423225402832,0.46077588200569153,-0.0294820386916399,0.5271959900856018,0.4906280040740967,-0.033804528415203094,0.5861730575561523,0.4070664644241333,-0.008413556031882763,0.5501939654350281,0.4447733759880066,-0.025071004405617714,0.564211905002594,0.4897456169128418,-0.02741388790309429,0.5783246755599976,0.4894230365753174,-0.026273611932992935,0.6027787923812866,0.4077712893486023,-0.016989517956972122,0.5687608122825623,0.45205652713775635,-0.03138819336891174,0.5831637978553772,0.4921106994152069,-0.02470216527581215,0.5956476926803589,0.4867418110370636,-0.01809249445796013,0.6200416684150696,0.4201311469078064,-0.026715772226452827,0.5912426114082336,0.45168769359588623,-0.03489689901471138,0.5980585813522339,0.48162880539894104,-0.02914450131356716,0.6082692742347717,0.4802021384239197,-0.02293442003428936,Q
0.4255785048007965,0.6588313579559326,1.2353906342355003e-08,0.46254482865333557,0.6667472720146179,-0.006018506828695536,0.4930150806903839,0.6604432463645935,-0.01717778854072094,0.5108301639556885,0.6472451686859131,-0.03044651821255684,0.5084871053695679,0.630243718624115,-0.043414145708084106,0.4974140226840973,0.5559763312339783,-0.014357577078044415,0.5155560970306396,0.5130538940429688,-0.0302896648645401,0.5280582904815674,0.49368155002593994,-0.040228307247161865,0.535923957824707,0.4810488224029541,-0.04687194526195526,0.47762542963027954,0.5380803346633911,-0.021419286727905273,0.4991566240787506,0.5867732167243958,-0.039653047919273376,0.4887431263923645,0.6271260976791382,-0.04319535195827484,0.4797571897506714,0.6251915693283081,-0.04351631551980972,0.4552557170391083,0.5417418479919434,-0.02938106842339039,0.47306308150291443,0.6044121980667114,-0.04627158120274544,0.46500641107559204,0.6321447491645813,-0.04207688942551613,0.45778846740722656,0.6216292381286621,-0.037230733782052994,0.43328386545181274,0.5557980537414551,-0.038255129009485245,0.44703420996665955,0.6041711568832397,-0.047434139996767044,0.4451335370540619,0.6270848512649536,-0.04199730604887009,0.43916934728622437,0.6206781268119812,-0.03661886975169182,Q
0.6312034130096436,0.5585619211196899,-3.37839850317323e-07,0.5955254435539246,0.5501731038093567,-0.005648964084684849,0.5631028413772583,0.533557116985321,-0.014446443878114223,0.5395662188529968,0.5274863839149475,-0.02520071342587471,0.5188708305358887,0.5137206315994263,-0.0337081253528595,0.570258617401123,0.4183447062969208,-0.002042195061221719,0.5364876389503479,0.42260870337486267,-0.01942647248506546,0.5273723006248474,0.4567413926124573,-0.029276955872774124,0.5269575119018555,0.48664137721061707,-0.0338778980076313,0.5853747725486755,0.4061920940876007,-0.007605690509080887,0.5500833988189697,0.4426873028278351,-0.02365799993276596,0.5630031824111938,0.486804723739624,-0.02608262188732624,0.5762937068939209,0.48737847805023193,-0.02518187277019024,0.6021807193756104,0.40627342462539673,-0.015822758898139,0.5692229270935059,0.4489147961139679,-0.029987245798110962,0.5827265381813049,0.4881456792354584,-0.023422516882419586,0.5947209596633911,0.4837445020675659,-0.016922153532505035,0.6202518343925476,0.41790449619293213,-0.025265200063586235,0.5920097231864929,0.4472298324108124,-0.03328327834606171,0.5981581211090088,0.4776046872138977,-0.02750183828175068,0.6079422831535339,0.47745639085769653,-0.021361062303185463,Q
0.4260448217391968,0.6617385745048523,-9.527691524624515e-09,0.46332111954689026,0.6716363430023193,-0.007208036724478006,0.4953649640083313,0.6646281480789185,-0.01835249736905098,0.5135592818260193,0.6493168473243713,-0.03158298879861832,0.510068416595459,0.6294019222259521,-0.04451935738325119,0.49901050329208374,0.559637188911438,-0.014636879786849022,0.5173043608665466,0.5150274038314819,-0.031957224011421204,0.531398355960846,0.505316972732544,-0.04242729768157005,0.540707528591156,0.5076917409896851,-0.04844003543257713,0.4788566529750824,0.540201723575592,-0.020587755367159843,0.49769076704978943,0.5907222032546997,-0.03942055255174637,0.4860115647315979,0.6320370435714722,-0.042974796146154404,0.4764498472213745,0.6350427269935608,-0.04285013675689697,0.4564097821712494,0.5415178537368774,-0.027814392000436783,0.4723077118396759,0.6038456559181213,-0.04437657445669174,0.4633943438529968,0.6307104825973511,-0.04038020223379135,0.4562719166278839,0.6236854791641235,-0.03547585755586624,0.4343707859516144,0.5527375340461731,-0.03619959577918053,0.44721296429634094,0.6017136573791504,-0.04513702914118767,0.44511160254478455,0.6243895292282104,-0.040331967175006866,0.44022834300994873,0.6196478009223938,-0.03509892150759697,Q
0.6325087547302246,0.5606911778450012,-3.364807525940705e-07,0.5960954427719116,0.5524899959564209,-0.005132688675075769,0.5638818740844727,0.5375201106071472,-0.014473812654614449,0.5397326946258545,0.5324447751045227,-0.025960572063922882,0.5196530222892761,0.5172216892242432,-0.035082004964351654,0.5719534158706665,0.41952845454216003,-0.0026948684826493263,0.5370181798934937,0.42342662811279297,-0.020611606538295746,0.5274937748908997,0.4587568938732147,-0.030109284445643425,0.5265392065048218,0.49012526869773865,-0.03427712246775627,0.5862200260162354,0.4077720046043396,-0.008472524583339691,0.5505334138870239,0.4435707926750183,-0.024699514731764793,0.5651546120643616,0.48786216974258423,-0.026310337707400322,0.5786805748939514,0.48641276359558105,-0.02472839690744877,0.6021934151649475,0.407473087310791,-0.01686752587556839,0.5691151022911072,0.45054376125335693,-0.030406320467591286,0.584172248840332,0.4895532429218292,-0.02297741174697876,0.5962663292884827,0.48294657468795776,-0.016100909560918808,0.6193285584449768,0.4194721579551697,-0.02652730606496334,0.5911046862602234,0.45054370164871216,-0.033872928470373154,0.5983371734619141,0.4798332154750824,-0.027665236964821815,0.608352780342102,0.47743576765060425,-0.021306339651346207,Q
0.42427685856819153,0.6597799062728882,1.1644124553455981e-09,0.4615008533000946,0.6661815643310547,-0.0047175525687634945,0.49207863211631775,0.6588715314865112,-0.014710531570017338,0.5098924040794373,0.6474799513816833,-0.027151187881827354,0.509326159954071,0.6319960355758667,-0.03948609530925751,0.49733126163482666,0.5575844645500183,-0.011645845137536526,0.5163630843162537,0.5185139179229736,-0.026954445987939835,0.5306215882301331,0.5062787532806396,-0.0362856425344944,0.5401325225830078,0.5024343729019165,-0.04207101836800575,0.47770896553993225,0.5398887991905212,-0.018702644854784012,0.49980446696281433,0.5888836979866028,-0.03541984409093857,0.48829618096351624,0.6295837759971619,-0.03851733356714249,0.47833746671676636,0.6295679211616516,-0.03844023123383522,0.45588409900665283,0.5429416298866272,-0.02672233060002327,0.4734579026699066,0.605891227722168,-0.042289022356271744,0.4646393358707428,0.6338914036750793,-0.03847269341349602,0.4571684002876282,0.6251326203346252,-0.033855702728033066,0.43406978249549866,0.555762767791748,-0.03558691218495369,0.44759973883628845,0.6047406196594238,-0.04380118474364281,0.4452473521232605,0.6275802850723267,-0.0386337973177433,0.43957316875457764,0.6217561364173889,-0.033415693789720535,Q
0.6344298124313354,0.5592230558395386,-3.391010068298783e-07,0.5967935919761658,0.5519837141036987,-0.004474577959626913,0.5638231039047241,0.535581648349762,-0.013310705311596394,0.539941668510437,0.5308082103729248,-0.0245240218937397,0.5196518898010254,0.519061267375946,-0.03347960114479065,0.5710453987121582,0.41912463307380676,-0.0008777251350693405,0.5354381203651428,0.42592653632164,-0.01950659416615963,0.5272142887115479,0.4628193974494934,-0.030570603907108307,0.5275530219078064,0.4938320219516754,-0.035858362913131714,0.5857180953025818,0.4063263237476349,-0.007329735904932022,0.5500840544700623,0.4439985454082489,-0.02413552813231945,0.5653049349784851,0.4884639382362366,-0.026547973975539207,0.5797434449195862,0.4867652654647827,-0.02550140582025051,0.6022195219993591,0.40582770109176636,-0.016551511362195015,0.5692171454429626,0.4501754641532898,-0.03054979257285595,0.5839856863021851,0.4905228018760681,-0.023037616163492203,0.5964568257331848,0.48413658142089844,-0.01597568765282631,0.619891881942749,0.41747915744781494,-0.027057118713855743,0.5912847518920898,0.4489118754863739,-0.034345630556344986,0.5982510447502136,0.4799298346042633,-0.027677936479449272,0.6085057854652405,0.47829750180244446,-0.021016500890254974,Q
0.425832599401474,0.6623913049697876,8.463753253806772e-09,0.4636242091655731,0.6666312217712402,-0.0057804943062365055,0.4943374991416931,0.6584724187850952,-0.016895858570933342,0.512026846408844,0.645476222038269,-0.030195064842700958,0.508406400680542,0.6315345168113708,-0.043303947895765305,0.4982866644859314,0.5556220412254333,-0.013558628968894482,0.5164611339569092,0.5185195207595825,-0.029095452278852463,0.5295597314834595,0.4991931617259979,-0.0382046103477478,0.538695752620697,0.48526906967163086,-0.044220272451639175,0.4784756302833557,0.5374208688735962,-0.020788801833987236,0.5002344846725464,0.5887244343757629,-0.038809601217508316,0.48847496509552,0.6306754350662231,-0.04158138483762741,0.4793746769428253,0.6286978721618652,-0.04095766693353653,0.45642760396003723,0.5406233072280884,-0.028939489275217056,0.4737139344215393,0.6078656911849976,-0.04632551968097687,0.46375879645347595,0.6371676921844482,-0.042072851210832596,0.45609867572784424,0.6263782978057861,-0.0366484560072422,0.43455931544303894,0.5537483096122742,-0.03796673193573952,0.4477967321872711,0.6046944260597229,-0.047395847737789154,0.4446102976799011,0.6283637881278992,-0.0420854426920414,0.4383936822414398,0.6213243007659912,-0.03652031347155571,Q
0.6327783465385437,0.5557482838630676,-3.344840990848752e-07,0.5966721773147583,0.5485150218009949,-0.006529355887323618,0.5643163323402405,0.53413987159729,-0.016156617552042007,0.5398387908935547,0.5292807817459106,-0.027579328045248985,0.5195537805557251,0.5148875117301941,-0.03669124096632004,0.5717753767967224,0.41760310530662537,-0.004179854411631823,0.5366621017456055,0.4211096167564392,-0.022059708833694458,0.5271375179290771,0.45583707094192505,-0.031802982091903687,0.5271030068397522,0.48667776584625244,-0.036164287477731705,0.5865732431411743,0.40541312098503113,-0.009034543298184872,0.5520521998405457,0.4424813985824585,-0.025383325293660164,0.5664007663726807,0.4867609739303589,-0.027279622852802277,0.5806466341018677,0.48637688159942627,-0.025932688266038895,0.6029763221740723,0.4049649238586426,-0.01654849573969841,0.5705514550209045,0.4471814036369324,-0.03057001158595085,0.5842760801315308,0.48683831095695496,-0.023608526214957237,0.5966574549674988,0.4822426438331604,-0.01682310178875923,0.6206403970718384,0.4162116050720215,-0.025381632149219513,0.5928165316581726,0.44448786973953247,-0.03313453495502472,0.5985604524612427,0.4750564396381378,-0.02712259441614151,0.6083410382270813,0.47594499588012695,-0.020740797743201256,Q
0.42568907141685486,0.6612072587013245,-3.765558975743488e-09,0.4641653001308441,0.6673955321311951,-0.005088021978735924,0.4942118227481842,0.6594826579093933,-0.016491955146193504,0.5115488171577454,0.644948422908783,-0.030423013493418694,0.5074405074119568,0.6302329897880554,-0.04421651363372803,0.49932861328125,0.5551191568374634,-0.012993331998586655,0.5182271599769592,0.5183916091918945,-0.03012150153517723,0.5323392748832703,0.5097488760948181,-0.04045973718166351,0.5414482355117798,0.5098491907119751,-0.0466352254152298,0.47966906428337097,0.5375255942344666,-0.02059073932468891,0.5016806125640869,0.5890240669250488,-0.038591064512729645,0.488734632730484,0.6306061744689941,-0.04141400754451752,0.4789698123931885,0.6289123892784119,-0.04086354002356529,0.45780590176582336,0.540920615196228,-0.029278870671987534,0.47584274411201477,0.6059925556182861,-0.04618985205888748,0.4657384157180786,0.6339169144630432,-0.04172421991825104,0.4581061899662018,0.6236209273338318,-0.03635808825492859,0.43573927879333496,0.5540245771408081,-0.038857340812683105,0.44960036873817444,0.6038677096366882,-0.04783822223544121,0.4464952349662781,0.627443253993988,-0.042077336460351944,0.4406473636627197,0.6209442019462585,-0.03623043745756149,Q
0.6353102326393127,0.5626524686813354,-3.4701574236351007e-07,0.5980204939842224,0.553331196308136,-0.005404140800237656,0.5652636289596558,0.5367152690887451,-0.014637432061135769,0.5416437983512878,0.5310010313987732,-0.02605600282549858,0.5207054615020752,0.518077552318573,-0.035039909183979034,0.5736289024353027,0.4183313846588135,-0.002498365007340908,0.5368543267250061,0.42510727047920227,-0.02083575911819935,0.5280221104621887,0.46143996715545654,-0.030958006158471107,0.5277718305587769,0.49187907576560974,-0.03549077361822128,0.5879941582679749,0.40798279643058777,-0.008332964032888412,0.5520342588424683,0.4469151198863983,-0.025370554998517036,0.5678717494010925,0.4901074767112732,-0.027320919558405876,0.5822867751121521,0.487941175699234,-0.025907540693879128,0.6038292050361633,0.4087340533733368,-0.01691458187997341,0.5703352093696594,0.4515955448150635,-0.03133661672472954,0.5854561924934387,0.49099281430244446,-0.02379504404962063,0.5979583859443665,0.48426857590675354,-0.01655477099120617,0.621093213558197,0.42109552025794983,-0.026807811111211777,0.5928933024406433,0.44772908091545105,-0.03436311334371567,0.598881185054779,0.47890201210975647,-0.027750732377171516,0.6084293127059937,0.4789630174636841,-0.0210097748786211,Q
0.4247429072856903,0.6624327898025513,2.6998932867172698e-08,0.4627324938774109,0.6677612066268921,-0.005985642783343792,0.49411991238594055,0.6597513556480408,-0.017516935244202614,0.5130193829536438,0.6481329202651978,-0.031351689249277115,0.5101825594902039,0.6296522617340088,-0.04496806114912033,0.4994877874851227,0.5553136467933655,-0.013418030925095081,0.5182952880859375,0.5154364705085754,-0.02984713949263096,0.5325162410736084,0.49734336137771606,-0.040185801684856415,0.541726291179657,0.4868853986263275,-0.04674036055803299,0.47958117723464966,0.5388613343238831,-0.020958807319402695,0.5029083490371704,0.5929881930351257,-0.03894253447651863,0.4907141923904419,0.6312607526779175,-0.04246608912944794,0.4810349643230438,0.6255516409873962,-0.042607877403497696,0.4572581350803375,0.5422805547714233,-0.029584379866719246,0.4762283265590668,0.6068093180656433,-0.04650591313838959,0.46681565046310425,0.63339763879776,-0.04220280796289444,0.4597965180873871,0.6207021474838257,-0.03707137331366539,0.43473657965660095,0.5553308129310608,-0.0392121858894825,0.450252503156662,0.6023842692375183,-0.048353634774684906,0.4479389488697052,0.6265777349472046,-0.042420778423547745,0.4423121511936188,0.6217836141586304,-0.0364532470703125,Q
0.6373745799064636,0.5654942393302917,-3.410082456412056e-07,0.5991780161857605,0.5546391010284424,-0.004946868401020765,0.5654371976852417,0.537819504737854,-0.01345246285200119,0.5414142608642578,0.5326777100563049,-0.02423015795648098,0.522356390953064,0.5189958810806274,-0.03277800977230072,0.5728738307952881,0.41908833384513855,-0.00030083287856541574,0.5374335050582886,0.4248780310153961,-0.01798451505601406,0.5276402235031128,0.4587411880493164,-0.028379568830132484,0.5264546275138855,0.48931580781936646,-0.033304307609796524,0.5874822735786438,0.4068557620048523,-0.006492915563285351,0.5501960515975952,0.4452337920665741,-0.023401614278554916,0.564109206199646,0.48984503746032715,-0.026367418467998505,0.5783768892288208,0.49098148941993713,-0.025526799261569977,0.6039223074913025,0.40726929903030396,-0.015406443737447262,0.5698234438896179,0.4516947269439697,-0.029895246028900146,0.584097146987915,0.4919695556163788,-0.023302961140871048,0.5965301990509033,0.4882139563560486,-0.01650235988199711,0.6216939687728882,0.4195491075515747,-0.02560453489422798,0.5927944779396057,0.450552761554718,-0.033411961048841476,0.5993552207946777,0.4813421368598938,-0.027367906644940376,0.609083890914917,0.48136746883392334,-0.020929215475916862,Q
0.4284040629863739,0.6638128161430359,-2.8928418771556608e-08,0.4659060835838318,0.6700220108032227,-0.004219839349389076,0.497138112783432,0.6620551943778992,-0.014674386009573936,0.5148639678955078,0.6498149633407593,-0.0279101449996233,0.5123595595359802,0.6321086287498474,-0.040393419563770294,0.5002675652503967,0.5595031380653381,-0.010771794244647026,0.5161610245704651,0.5154334902763367,-0.02866537868976593,0.5285253524780273,0.5216974020004272,-0.03908413276076317,0.5339394807815552,0.5409855246543884,-0.04411764070391655,0.48069363832473755,0.5415906310081482,-0.01807522401213646,0.5005591511726379,0.5893478393554688,-0.03436246141791344,0.48987552523612976,0.6299258470535278,-0.03697577118873596,0.4809782803058624,0.6254163384437561,-0.03666434809565544,0.4583646357059479,0.5438404083251953,-0.026760898530483246,0.4756161868572235,0.604180097579956,-0.042005572468042374,0.4675331115722656,0.6323991417884827,-0.03762673959136009,0.46018603444099426,0.6200636625289917,-0.03267797455191612,0.43572497367858887,0.5555179715156555,-0.03627031669020653,0.4497125446796417,0.603076696395874,-0.04425213485956192,0.4472481608390808,0.6260403394699097,-0.038387347012758255,0.4403825104236603,0.6181033849716187,-0.03235805779695511,Q
0.6334455013275146,0.5625680088996887,-3.4548085636743053e-07,0.5954461693763733,0.5539214015007019,-0.005284363403916359,0.5628475546836853,0.5394517183303833,-0.01487099938094616,0.5391245484352112,0.5332855582237244,-0.026698194444179535,0.521525502204895,0.5141250491142273,-0.036241497844457626,0.5707722902297974,0.41994237899780273,-0.0022331783547997475,0.53459233045578,0.4252871870994568,-0.020858034491539,0.5262479186058044,0.4607407748699188,-0.031525589525699615,0.5271653532981873,0.4911556541919708,-0.03640759736299515,0.585273802280426,0.4080783724784851,-0.007916352711617947,0.5494714379310608,0.44517719745635986,-0.025026652961969376,0.563967764377594,0.49084582924842834,-0.02765752747654915,0.5782768726348877,0.49127352237701416,-0.026520932093262672,0.6016460061073303,0.4075831472873688,-0.01625142991542816,0.5689069628715515,0.45166584849357605,-0.030565982684493065,0.5834854245185852,0.49246981739997864,-0.02356685698032379,0.5959471464157104,0.487684965133667,-0.016570817679166794,0.6190255880355835,0.4190472364425659,-0.02584599331021309,0.5915928483009338,0.4502398371696472,-0.03337433561682701,0.5983230471611023,0.48112979531288147,-0.0271140243858099,0.6083784699440002,0.4799402356147766,-0.020504754036664963,Q
0.4269202947616577,0.6549153327941895,3.165226303281088e-08,0.462698757648468,0.656785786151886,-0.0048351227305829525,0.4924079179763794,0.6466976404190063,-0.015361011028289795,0.510048508644104,0.6359449028968811,-0.02812889777123928,0.5108895301818848,0.6221996545791626,-0.040758926421403885,0.4975596070289612,0.5452800393104553,-0.011822471395134926,0.5144879221916199,0.5075490474700928,-0.02631576918065548,0.5266475081443787,0.4782244861125946,-0.03614513576030731,0.5350013971328735,0.45490822196006775,-0.04329069331288338,0.47850167751312256,0.5301035642623901,-0.019493790343403816,0.5025048851966858,0.585824728012085,-0.03644669055938721,0.49109330773353577,0.6222915053367615,-0.040211133658885956,0.4805344343185425,0.6189080476760864,-0.041115373373031616,0.4569514989852905,0.5352954864501953,-0.027938034385442734,0.47702929377555847,0.5971056818962097,-0.043631043285131454,0.46819156408309937,0.6230728030204773,-0.038958240300416946,0.4600154459476471,0.6133440732955933,-0.03412595018744469,0.4351399838924408,0.5502574443817139,-0.03731849789619446,0.45173180103302,0.595263659954071,-0.04588540270924568,0.4484418034553528,0.6180093884468079,-0.03996863588690758,0.441449373960495,0.6129258871078491,-0.034407276660203934,Q
0.6322249174118042,0.5573740601539612,-3.650369535534992e-07,0.5961629748344421,0.5512429475784302,-0.0048820022493600845,0.5623323321342468,0.5363243818283081,-0.012303902767598629,0.538500189781189,0.5297167301177979,-0.02197173610329628,0.5196463465690613,0.5137359499931335,-0.029366061091423035,0.5648548603057861,0.4228188395500183,-8.056395017774776e-05,0.5312872529029846,0.42540761828422546,-0.017763983458280563,0.5238493084907532,0.45955586433410645,-0.027820339426398277,0.5256437063217163,0.48974910378456116,-0.03234122321009636,0.5789622664451599,0.4086856245994568,-0.005763138644397259,0.5450685620307922,0.4472024440765381,-0.023038147017359734,0.5588164329528809,0.4908481240272522,-0.026507273316383362,0.5719866156578064,0.4935446083545685,-0.025786807760596275,0.5956989526748657,0.40550845861434937,-0.014149720780551434,0.5651496052742004,0.4509872496128082,-0.029181767255067825,0.5806254744529724,0.4888196289539337,-0.02385629154741764,0.5925849676132202,0.4850415587425232,-0.01765884831547737,0.6145462989807129,0.41255903244018555,-0.02367015741765499,0.5883995890617371,0.44528886675834656,-0.0317719466984272,0.5961222052574158,0.4744769036769867,-0.026697473600506783,0.6055740714073181,0.4735238254070282,-0.020858414471149445,Q
0.4214100241661072,0.6609396934509277,-5.903391908645972e-08,0.46014291048049927,0.6592411994934082,-0.004041267093271017,0.490005224943161,0.64830482006073,-0.013564787805080414,0.507806658744812,0.6349323391914368,-0.025953741744160652,0.5099374055862427,0.6219355463981628,-0.03776216879487038,0.49707573652267456,0.5488330125808716,-0.006476260256022215,0.5153228044509888,0.5237773656845093,-0.023244010284543037,0.5263217687606812,0.5287633538246155,-0.03423691168427467,0.5317729711532593,0.5415852069854736,-0.04043060168623924,0.4781450033187866,0.5324456691741943,-0.013984008692204952,0.49944472312927246,0.582875669002533,-0.0307796411216259,0.4877128005027771,0.6223781704902649,-0.03515022620558739,0.4783466160297394,0.6235611438751221,-0.03585845232009888,0.4564010202884674,0.5356366038322449,-0.022977877408266068,0.47465819120407104,0.5979893803596497,-0.03871752321720123,0.46405282616615295,0.6259089708328247,-0.03585932403802872,0.455686092376709,0.6184383034706116,-0.031567469239234924,0.4342009723186493,0.5486348271369934,-0.03284861519932747,0.44904574751853943,0.5965924263000488,-0.040922775864601135,0.4449198842048645,0.6190835237503052,-0.036243341863155365,0.43842196464538574,0.6129162311553955,-0.0311528742313385,Q
0.6297507286071777,0.5597184896469116,-3.8181698869266256e-07,0.5937385559082031,0.5542412400245667,-0.003959732595831156,0.5591907501220703,0.5396293997764587,-0.011481229215860367,0.536109983921051,0.5321707129478455,-0.021337194368243217,0.5184409022331238,0.5129491090774536,-0.029190728440880775,0.5628949403762817,0.4253675043582916,-0.0011666862992569804,0.5285704731941223,0.42708903551101685,-0.018734227865934372,0.5205528140068054,0.4610077142715454,-0.02890370786190033,0.5217781662940979,0.4926609396934509,-0.03353296220302582,0.5777639150619507,0.4116172790527344,-0.007281423546373844,0.5441835522651672,0.4508090913295746,-0.024758297950029373,0.5582374930381775,0.49596837162971497,-0.028469786047935486,0.5716165900230408,0.5006598234176636,-0.027841702103614807,0.5947741270065308,0.40845102071762085,-0.015792811289429665,0.564092755317688,0.4549238979816437,-0.030690932646393776,0.5800803899765015,0.4929887652397156,-0.02525380067527294,0.5923722386360168,0.4896382987499237,-0.019001739099621773,0.6137748956680298,0.4153100252151489,-0.02529193088412285,0.5870868563652039,0.447798490524292,-0.03345079347491264,0.5954870581626892,0.4779268205165863,-0.027978526428341866,0.6053433418273926,0.4769028127193451,-0.021791215986013412,Q
0.4208860993385315,0.6570665240287781,-3.1101141217959594e-08,0.4587095081806183,0.6572718620300293,-0.0030935113318264484,0.48966726660728455,0.6456290483474731,-0.01204708218574524,0.5080856084823608,0.6328771114349365,-0.02400347590446472,0.5090833306312561,0.620127260684967,-0.03536916896700859,0.49309003353118896,0.5467616319656372,-0.006792160682380199,0.513825535774231,0.5184356570243835,-0.023647792637348175,0.5263792276382446,0.526923418045044,-0.034507934004068375,0.532519519329071,0.5436545610427856,-0.04032644256949425,0.474860280752182,0.532243013381958,-0.01457365695387125,0.4980093538761139,0.5829369425773621,-0.0305535476654768,0.4875367283821106,0.6189138293266296,-0.03459041565656662,0.4778168797492981,0.6165512800216675,-0.03545527532696724,0.4540863335132599,0.5362374186515808,-0.02376227080821991,0.4735841453075409,0.5967512130737305,-0.038339268416166306,0.46452173590660095,0.623338520526886,-0.03521101921796799,0.4567027688026428,0.6149412989616394,-0.03124365024268627,0.43306297063827515,0.5497220754623413,-0.03379545733332634,0.4489041566848755,0.5977808833122253,-0.04105781763792038,0.4451436400413513,0.6204301118850708,-0.036007679998874664,0.4383746385574341,0.6154745817184448,-0.030872760340571404,Q
0.6283776164054871,0.560484766960144,-3.805738515438861e-07,0.5917620658874512,0.5540866851806641,-0.003542727790772915,0.558134913444519,0.5393884181976318,-0.011240878142416477,0.5356715321540833,0.5323892831802368,-0.0215678121894598,0.5162254571914673,0.5157836079597473,-0.029907923191785812,0.5623732805252075,0.42477086186408997,-0.0006948079681023955,0.5280451774597168,0.42520397901535034,-0.018998418003320694,0.5192265510559082,0.4596947729587555,-0.029640456661581993,0.5198742151260376,0.49262890219688416,-0.03444867953658104,0.5768894553184509,0.41193607449531555,-0.007374026346951723,0.5418861508369446,0.4506606161594391,-0.02491733804345131,0.5560765266418457,0.4965715706348419,-0.028383402153849602,0.5693175196647644,0.5004948973655701,-0.027575332671403885,0.5935290455818176,0.409534752368927,-0.016552407294511795,0.5619422793388367,0.4563659131526947,-0.03144506737589836,0.5788357257843018,0.4942997395992279,-0.025514867156744003,0.5911726951599121,0.4894876182079315,-0.018986839801073074,0.6124479174613953,0.41714444756507874,-0.026721574366092682,0.5851693153381348,0.45029163360595703,-0.034370746463537216,0.5938958525657654,0.4797845780849457,-0.028141776099801064,0.6036195755004883,0.4780481159687042,-0.021540002897381783,Q
0.42100316286087036,0.6590811610221863,2.441153057475276e-09,0.4587530493736267,0.6606119871139526,-0.004546566866338253,0.4880838692188263,0.6508339047431946,-0.015133792534470558,0.5057006478309631,0.6396822333335876,-0.02817481756210327,0.5070009827613831,0.6254910230636597,-0.04104916751384735,0.4923557937145233,0.549696683883667,-0.012405676767230034,0.5097455382347107,0.5098413228988647,-0.02771676890552044,0.5223870277404785,0.49030545353889465,-0.037324193865060806,0.5309358835220337,0.47859957814216614,-0.04365422576665878,0.4727504849433899,0.5331993103027344,-0.02003374882042408,0.4960978031158447,0.585002601146698,-0.03745007887482643,0.48491907119750977,0.6234449148178101,-0.04113619402050972,0.47461339831352234,0.6215540170669556,-0.04152419790625572,0.45101723074913025,0.5376087427139282,-0.028455253690481186,0.46953126788139343,0.6017863750457764,-0.04486094042658806,0.46062564849853516,0.6293684244155884,-0.04100048169493675,0.45279720425605774,0.6201909780502319,-0.036215201020240784,0.42942944169044495,0.5519058108329773,-0.03769246116280556,0.44435548782348633,0.5996770262718201,-0.04670151695609093,0.4420578181743622,0.6237278580665588,-0.04142308607697487,0.4361729323863983,0.6192662119865417,-0.03597879409790039,Q
0.6306729316711426,0.5545169115066528,-3.552271721218858e-07,0.5926441550254822,0.5479932427406311,-0.004968713503330946,0.5585517883300781,0.5347037315368652,-0.013230971060693264,0.5352126955986023,0.5296527147293091,-0.023460181429982185,0.5165548920631409,0.5168035626411438,-0.03154175356030464,0.5635440349578857,0.4196857213973999,-0.0019349762005731463,0.5312029123306274,0.42288538813591003,-0.019155414775013924,0.5223245024681091,0.45578905940055847,-0.029517145827412605,0.5210293531417847,0.4859386384487152,-0.03466437757015228,0.578516960144043,0.40525975823402405,-0.007573909591883421,0.5462010502815247,0.44764795899391174,-0.024248797446489334,0.5609506964683533,0.48899295926094055,-0.027746383100748062,0.5744673609733582,0.49017733335494995,-0.02753692865371704,0.5956159234046936,0.40352246165275574,-0.015686867758631706,0.5652056932449341,0.45217326283454895,-0.02955455705523491,0.5804266929626465,0.4881308674812317,-0.02367250993847847,0.5918272733688354,0.48367345333099365,-0.017667343840003014,0.6143441200256348,0.412817120552063,-0.02500060945749283,0.5870602130889893,0.44912174344062805,-0.03246018663048744,0.5952593088150024,0.47650399804115295,-0.026918035000562668,0.6047588586807251,0.4738789498806,-0.021024618297815323,Q
0.41922593116760254,0.6628842949867249,-2.3749816335794094e-08,0.45586591958999634,0.6632561683654785,-0.004198427312076092,0.4866871237754822,0.6542027592658997,-0.014015376567840576,0.5048075914382935,0.6441130638122559,-0.026598652824759483,0.5037026405334473,0.6314173936843872,-0.0387558676302433,0.4904227554798126,0.5537843108177185,-0.008829193189740181,0.5074370503425598,0.5190402269363403,-0.02522275596857071,0.520477831363678,0.5169342160224915,-0.036077022552490234,0.5290496945381165,0.5260610580444336,-0.042294371873140335,0.47173061966896057,0.5379852056503296,-0.016124816611409187,0.49308037757873535,0.5905263423919678,-0.032836221158504486,0.48250821232795715,0.6261718273162842,-0.03749338537454605,0.4729139506816864,0.6247477531433105,-0.038605570793151855,0.45026183128356934,0.541911244392395,-0.024629812687635422,0.4684016704559326,0.6068000197410583,-0.0402129590511322,0.4590640664100647,0.6316075921058655,-0.03803957998752594,0.45132899284362793,0.6218820810317993,-0.034424807876348495,0.4288402199745178,0.5551610589027405,-0.03396234288811684,0.44385427236557007,0.6043975949287415,-0.041792355477809906,0.44029587507247925,0.6251232624053955,-0.037220299243927,0.4338238835334778,0.6187458634376526,-0.03234028443694115,Q
0.6312714219093323,0.553463339805603,-3.3518392683618004e-07,0.5940849184989929,0.5467520952224731,-0.0050713964737951756,0.5612484812736511,0.5321763157844543,-0.01363646425306797,0.5370974540710449,0.528847336769104,-0.024365399032831192,0.5156976580619812,0.5194411873817444,-0.03292332589626312,0.5661907196044922,0.4199771285057068,-0.0013688947074115276,0.5333828926086426,0.4243580102920532,-0.01882999762892723,0.5254911184310913,0.4588179290294647,-0.028423765674233437,0.5257610082626343,0.49011480808258057,-0.032775115221738815,0.5808101892471313,0.4049665927886963,-0.007179140113294125,0.5480227470397949,0.44352471828460693,-0.023514488711953163,0.5633647441864014,0.4873490333557129,-0.02583990804851055,0.5766542553901672,0.48674628138542175,-0.024650128558278084,0.5977477431297302,0.40236160159111023,-0.01565249264240265,0.5670812726020813,0.4482770264148712,-0.029915958642959595,0.5829682350158691,0.4873906970024109,-0.023235777392983437,0.5945234894752502,0.482207328081131,-0.01658511348068714,0.6161678433418274,0.41140279173851013,-0.025305751711130142,0.5896077156066895,0.4462648034095764,-0.03319671005010605,0.5977799892425537,0.47577348351478577,-0.027300510555505753,0.6074915528297424,0.47306811809539795,-0.021106433123350143,Q
0.4227735698223114,0.6643078923225403,-2.8855595690657765e-09,0.4580851197242737,0.6661592125892639,-0.006051454693078995,0.4876938462257385,0.6570695638656616,-0.018208473920822144,0.504748523235321,0.6443850994110107,-0.03287217766046524,0.5026316046714783,0.6297839879989624,-0.04722330719232559,0.4928635358810425,0.5557281374931335,-0.013873662799596786,0.5096965432167053,0.5176864862442017,-0.03220050409436226,0.5236065983772278,0.5131772756576538,-0.04338943213224411,0.533350944519043,0.5185909867286682,-0.04973514750599861,0.4723668098449707,0.5392684936523438,-0.021076437085866928,0.49271708726882935,0.5899774432182312,-0.039351221174001694,0.482173889875412,0.6315306425094604,-0.04279446229338646,0.47389358282089233,0.6286497712135315,-0.042988210916519165,0.44998788833618164,0.5435157418251038,-0.02956419438123703,0.46852341294288635,0.6051549911499023,-0.046376679092645645,0.4598916471004486,0.6332629919052124,-0.04193505644798279,0.4519883096218109,0.62237948179245,-0.0368126817047596,0.4272041618824005,0.5573710799217224,-0.03906215727329254,0.4424469470977783,0.6015135645866394,-0.04803631082177162,0.44034048914909363,0.6238645315170288,-0.04217228293418884,0.4339088499546051,0.6171017289161682,-0.03620979189872742,Q
0.6330536603927612,0.553661048412323,-3.4217242728118435e-07,0.5955511331558228,0.5486165285110474,-0.006045606918632984,0.5611289143562317,0.5360682010650635,-0.01496157981455326,0.5367477536201477,0.5343420505523682,-0.02577083557844162,0.5165092945098877,0.5221248865127563,-0.034272450953722,0.5683547258377075,0.41948559880256653,-0.0033145961351692677,0.5343616008758545,0.42049771547317505,-0.021945375949144363,0.5274580121040344,0.45788055658340454,-0.0325435996055603,0.5295846462249756,0.4907000958919525,-0.03732465207576752,0.5839983224868774,0.40543314814567566,-0.00818028673529625,0.5520921349525452,0.4436689019203186,-0.02514246478676796,0.5669944882392883,0.4866582751274109,-0.02808334492146969,0.5802715420722961,0.4862617254257202,-0.027328692376613617,0.6014301180839539,0.4038013219833374,-0.015767958015203476,0.5719031691551208,0.4507052004337311,-0.029571162536740303,0.586951732635498,0.48822513222694397,-0.023258276283740997,0.5980736017227173,0.4819676876068115,-0.016955874860286713,0.6197679042816162,0.41382160782814026,-0.024609582498669624,0.5930563807487488,0.4482060372829437,-0.03155985102057457,0.6008970737457275,0.47651562094688416,-0.025554819032549858,0.6104757785797119,0.47284644842147827,-0.019284283742308617,Q
0.4183656573295593,0.6638058423995972,-1.3246872043737312e-08,0.4567370116710663,0.6686568260192871,-0.0048273587599396706,0.487845242023468,0.6597393751144409,-0.015088370069861412,0.505851149559021,0.6468247771263123,-0.028117844834923744,0.5039892196655273,0.6290891766548157,-0.04081191495060921,0.49202877283096313,0.5556240677833557,-0.011108055710792542,0.5090447068214417,0.5110631585121155,-0.029287846758961678,0.5238273739814758,0.5121479034423828,-0.040825746953487396,0.5327381491661072,0.5267583131790161,-0.046920835971832275,0.47221502661705017,0.5389683246612549,-0.01841745525598526,0.49381986260414124,0.586858868598938,-0.03643139824271202,0.4845002591609955,0.6276839375495911,-0.0409313403069973,0.47508567571640015,0.6297532916069031,-0.041556961834430695,0.44991812109947205,0.5426738262176514,-0.02706761658191681,0.468382328748703,0.606786847114563,-0.0439416840672493,0.459964394569397,0.6362946629524231,-0.041005007922649384,0.4522024989128113,0.6298917531967163,-0.036401551216840744,0.42766740918159485,0.5561031103134155,-0.03660701587796211,0.4425002634525299,0.6033428311347961,-0.045526567846536636,0.4413422644138336,0.6289634108543396,-0.040223464369773865,0.43650051951408386,0.6278127431869507,-0.03434508666396141,Q
0.6380833387374878,0.5566109418869019,-3.529883088049246e-07,0.5986076593399048,0.5489403009414673,-0.00500018335878849,0.5624991059303284,0.5340180993080139,-0.01361722219735384,0.5365638136863708,0.529863715171814,-0.02452526055276394,0.5161232352256775,0.518551230430603,-0.03301502764225006,0.5728233456611633,0.4188039302825928,-0.002705248538404703,0.538854718208313,0.40303006768226624,-0.020109567791223526,0.530820906162262,0.4357907474040985,-0.029878895729780197,0.5317742228507996,0.4684149920940399,-0.03450053557753563,0.5881304144859314,0.403487890958786,-0.008298640139400959,0.5556871891021729,0.4413597583770752,-0.025089893490076065,0.5706242918968201,0.4838458299636841,-0.027861926704645157,0.5846689939498901,0.4835224747657776,-0.027348872274160385,0.6054604053497314,0.4013391435146332,-0.016481176018714905,0.5748155117034912,0.44662994146347046,-0.029378708451986313,0.5893588066101074,0.48348182439804077,-0.022528743371367455,0.60091233253479,0.4774174690246582,-0.016474422067403793,0.6237637996673584,0.4106515347957611,-0.026017185300588608,0.5964622497558594,0.4448797106742859,-0.03246735408902168,0.6041337847709656,0.47363168001174927,-0.026317181065678596,0.6139335632324219,0.4703340530395508,-0.020303474739193916,Q
0.42049703001976013,0.6647093296051025,-4.281698107178045e-09,0.4578635096549988,0.6701163649559021,-0.00634174095466733,0.4873785972595215,0.6628127694129944,-0.01835026778280735,0.5037280321121216,0.6493862271308899,-0.03286805376410484,0.5023286938667297,0.633502185344696,-0.04673818498849869,0.4927816390991211,0.5558804869651794,-0.013561748899519444,0.5080527663230896,0.5106651782989502,-0.03311615437269211,0.5231256484985352,0.5105879306793213,-0.045277614146471024,0.5322191715240479,0.5259778499603271,-0.0516599677503109,0.47251835465431213,0.5387398600578308,-0.02041551284492016,0.491581529378891,0.5875446796417236,-0.03988541662693024,0.4823564887046814,0.6302686929702759,-0.04406260699033737,0.4739212393760681,0.6327484846115112,-0.04409722983837128,0.44986364245414734,0.5425711870193481,-0.02877369523048401,0.4663101136684418,0.6066364645957947,-0.04650494083762169,0.45863115787506104,0.6350966691970825,-0.043041348457336426,0.4516429901123047,0.6259961128234863,-0.037983767688274384,0.4272891581058502,0.5566936731338501,-0.038120467215776443,0.4405060410499573,0.6046532988548279,-0.04746130853891373,0.4390697479248047,0.6277685761451721,-0.042200881987810135,0.43407827615737915,0.6218974590301514,-0.03630966320633888,Q
0.636914849281311,0.5591663122177124,-3.639578096681362e-07,0.5985519289970398,0.5512918829917908,-0.006226404570043087,0.5627163052558899,0.5366567969322205,-0.01521342433989048,0.5368043780326843,0.5308195948600769,-0.02632143534719944,0.5162173509597778,0.5177382230758667,-0.034910231828689575,0.5705888271331787,0.42142626643180847,-0.003734177676960826,0.5379883646965027,0.40276363492012024,-0.02181270532310009,0.5310792326927185,0.4350806772708893,-0.03176583722233772,0.5336877703666687,0.468065083026886,-0.03627454861998558,0.5863926410675049,0.40609675645828247,-0.008653302676975727,0.5564062595367432,0.444721519947052,-0.02583797089755535,0.5707504153251648,0.4879257082939148,-0.028416864573955536,0.5836424827575684,0.4884737432003021,-0.027696413919329643,0.6039251089096069,0.4034747779369354,-0.016338525339961052,0.5758981108665466,0.4499528408050537,-0.029582282528281212,0.589677095413208,0.4871752858161926,-0.022403540089726448,0.5998427271842957,0.4827200770378113,-0.01596510037779808,0.6224753260612488,0.41152143478393555,-0.025500047951936722,0.5972211956977844,0.44605952501296997,-0.03162536397576332,0.6038912534713745,0.4754806160926819,-0.025082558393478394,0.6122713685035706,0.4731962978839874,-0.018721075728535652,Q
0.4226550757884979,0.6617592573165894,-2.2995015669380336e-08,0.4608112573623657,0.6694047451019287,-0.005643988028168678,0.48991185426712036,0.6625112295150757,-0.017701230943202972,0.5060859322547913,0.6484689712524414,-0.032546814531087875,0.501708984375,0.6296434998512268,-0.04628301039338112,0.4954500198364258,0.5567797422409058,-0.01264848280698061,0.5092812180519104,0.5103315114974976,-0.03222065791487694,0.521574079990387,0.5194850564002991,-0.04274031147360802,0.5263558626174927,0.5437102317810059,-0.047284986823797226,0.47404927015304565,0.5388118624687195,-0.019468579441308975,0.4910496771335602,0.5855907797813416,-0.037279561161994934,0.48102056980133057,0.627158522605896,-0.039542753249406815,0.47323930263519287,0.6211549043655396,-0.03848380595445633,0.45086535811424255,0.541793167591095,-0.02795472741127014,0.46555402874946594,0.6034376621246338,-0.044292762875556946,0.4586135447025299,0.6323419809341431,-0.03966248035430908,0.4518437683582306,0.6186490058898926,-0.03415606543421745,0.4277617037296295,0.5550381541252136,-0.03740013763308525,0.4397791624069214,0.6037459373474121,-0.04613678902387619,0.438823938369751,0.6260481476783752,-0.04058295860886574,0.433125376701355,0.6166794896125793,-0.034412432461977005,Q
0.6315039396286011,0.5697146654129028,-3.7506893590943946e-07,0.5942797660827637,0.5577886700630188,-0.0048288912512362,0.5608516335487366,0.5408599376678467,-0.013605122454464436,0.5364481210708618,0.5333331227302551,-0.024923671036958694,0.515639066696167,0.5174254179000854,-0.03380589187145233,0.5688531994819641,0.4240865409374237,-0.0010755565017461777,0.5353028774261475,0.41591882705688477,-0.019458265975117683,0.5264028310775757,0.4521976113319397,-0.029879704117774963,0.5266168117523193,0.486618310213089,-0.03456329181790352,0.5837671160697937,0.41207751631736755,-0.007089403923600912,0.5486984252929688,0.45054736733436584,-0.02381298504769802,0.5616751909255981,0.4953106939792633,-0.02670198306441307,0.5746671557426453,0.4959834814071655,-0.02608608826994896,0.6000388264656067,0.4117093086242676,-0.015888594090938568,0.5678742527961731,0.4582204222679138,-0.029627585783600807,0.5823482275009155,0.4967276155948639,-0.022990483790636063,0.5939536094665527,0.491830438375473,-0.016598496586084366,0.6174708604812622,0.4227069318294525,-0.025998122990131378,0.5891508460044861,0.45624396204948425,-0.032819218933582306,0.5966295003890991,0.4859529435634613,-0.02658962830901146,0.6064343452453613,0.48443567752838135,-0.020262015983462334,Q
0.41809362173080444,0.6640437841415405,-1.176617203668684e-08,0.453755259513855,0.6670347452163696,-0.00380422780290246,0.4834437072277069,0.6596326231956482,-0.013720099814236164,0.5004631876945496,0.6498196721076965,-0.026499345898628235,0.49633461236953735,0.6348718404769897,-0.03875965252518654,0.4881438612937927,0.5560059547424316,-0.010514148510992527,0.5060185194015503,0.5170739889144897,-0.028299342840909958,0.5196118950843811,0.5191688537597656,-0.039554402232170105,0.5282424688339233,0.5322281718254089,-0.04570452868938446,0.46856197714805603,0.5389359593391418,-0.018143007531762123,0.48715463280677795,0.5909900665283203,-0.0359707809984684,0.47805336117744446,0.6317567825317383,-0.0403805673122406,0.4704263508319855,0.6329677700996399,-0.04114827141165733,0.4463568329811096,0.5429025292396545,-0.026953155174851418,0.46243467926979065,0.6093357801437378,-0.0431855283677578,0.4540049433708191,0.6374239325523376,-0.040119729936122894,0.4470362961292267,0.6282720565795898,-0.035771444439888,0.4242973327636719,0.5568513870239258,-0.03657451272010803,0.4376392960548401,0.6069439649581909,-0.04474560171365738,0.434906542301178,0.6293408870697021,-0.03950474038720131,0.4289928674697876,0.6232766509056091,-0.03393369913101196,Q
0.637144923210144,0.5724530220031738,-3.7308529954316327e-07,0.596606433391571,0.5612554550170898,-0.0038859534543007612,0.5618847608566284,0.5447596907615662,-0.012280245311558247,0.5373362302780151,0.5405594110488892,-0.023150235414505005,0.5149629712104797,0.5295672416687012,-0.03196381404995918,0.5689834356307983,0.4274967312812805,-0.0003690923913381994,0.5346408486366272,0.42731723189353943,-0.017735660076141357,0.5240380764007568,0.4623775780200958,-0.029005926102399826,0.522616982460022,0.49747249484062195,-0.03493177890777588,0.5841458439826965,0.41525813937187195,-0.006974820047616959,0.5488170385360718,0.459587424993515,-0.022596675902605057,0.5639558434486389,0.5012087821960449,-0.02630469761788845,0.5786269307136536,0.502451479434967,-0.026902712881565094,0.6007311344146729,0.4160308837890625,-0.01611056551337242,0.5684258341789246,0.46899694204330444,-0.028302794322371483,0.5839955806732178,0.5033604502677917,-0.022052427753806114,0.5957102179527283,0.4980561137199402,-0.01670408993959427,0.6184616088867188,0.4288136959075928,-0.026537321507930756,0.5898401141166687,0.4675411283969879,-0.03264348581433296,0.5984683632850647,0.4947616159915924,-0.026398278772830963,0.6081594228744507,0.49221527576446533,-0.020583799108862877,Q
0.41620689630508423,0.6651256680488586,1.8808522739277578e-08,0.4528411626815796,0.6701990962028503,-0.004387113731354475,0.4827922582626343,0.6638060212135315,-0.014454405754804611,0.5009854435920715,0.6549168229103088,-0.026916056871414185,0.49691829085350037,0.6395012736320496,-0.039274755865335464,0.4869823753833771,0.559750497341156,-0.012364993803203106,0.5038504004478455,0.5226127505302429,-0.027537431567907333,0.5168085098266602,0.5027872920036316,-0.037693001329898834,0.5257871747016907,0.48754531145095825,-0.04474842920899391,0.46778571605682373,0.5420026183128357,-0.01998288929462433,0.48698559403419495,0.5943636298179626,-0.037766966968774796,0.47741636633872986,0.6326102614402771,-0.0419623963534832,0.4685814678668976,0.6311289668083191,-0.042787350714206696,0.44569721817970276,0.5457448363304138,-0.028318364173173904,0.46146389842033386,0.6111990809440613,-0.04494082182645798,0.45384129881858826,0.6384567618370056,-0.0415581651031971,0.44694116711616516,0.6285852193832397,-0.037128835916519165,0.4238719940185547,0.5599403381347656,-0.03745441138744354,0.4374885857105255,0.6099712252616882,-0.04650706425309181,0.43485838174819946,0.6325331330299377,-0.041527144610881805,0.4285179078578949,0.6264809370040894,-0.036405034363269806,Q
0.6366308331489563,0.5713037252426147,-3.7113966300239554e-07,0.5966599583625793,0.5598424673080444,-0.004377171862870455,0.5626476407051086,0.5429152846336365,-0.013980810530483723,0.5378593802452087,0.5398669838905334,-0.02595159225165844,0.5153599977493286,0.5282730460166931,-0.03573757782578468,0.5724098086357117,0.42377346754074097,-0.0027834326028823853,0.5359586477279663,0.42786431312561035,-0.022078705951571465,0.5245867967605591,0.46686607599258423,-0.034448303282260895,0.5221112370491028,0.5034660696983337,-0.04080646112561226,0.5876080393791199,0.41295838356018066,-0.009241721592843533,0.5508632659912109,0.46039432287216187,-0.02588270977139473,0.5676467418670654,0.5031339526176453,-0.029013993218541145,0.5825825929641724,0.5029510259628296,-0.02911522053182125,0.6040099859237671,0.4154280722141266,-0.01827312633395195,0.5689409375190735,0.4706486463546753,-0.031127916648983955,0.5863723754882812,0.5061421394348145,-0.02376467175781727,0.5989695191383362,0.49871623516082764,-0.01759578101336956,0.6211979389190674,0.43017300963401794,-0.02863207459449768,0.5900978446006775,0.46881818771362305,-0.03521917760372162,0.5994152426719666,0.4971455931663513,-0.02822650969028473,0.610252857208252,0.4943685829639435,-0.021680809557437897,Q
0.417610228061676,0.6663898825645447,3.986411201140072e-08,0.4533878266811371,0.6722785830497742,-0.008637255057692528,0.4815770089626312,0.6674451231956482,-0.02168111875653267,0.49769532680511475,0.6559034585952759,-0.03656161576509476,0.4957931935787201,0.6371622085571289,-0.050986941903829575,0.48832783102989197,0.5592546463012695,-0.016222137957811356,0.5051387548446655,0.5186111927032471,-0.033237356692552567,0.5189654231071472,0.49691343307495117,-0.04355457052588463,0.528816819190979,0.483934223651886,-0.05009913444519043,0.46806129813194275,0.5409074425697327,-0.022216612473130226,0.48811841011047363,0.5914313793182373,-0.04188373684883118,0.4775899648666382,0.6324849128723145,-0.045937784016132355,0.46874332427978516,0.6330521702766418,-0.04569416120648384,0.4459185004234314,0.5447077751159668,-0.029386006295681,0.46171119809150696,0.6117013692855835,-0.04766074940562248,0.4534231722354889,0.6391863822937012,-0.04427720606327057,0.4464452862739563,0.6291431784629822,-0.03910752758383751,0.423984557390213,0.5588700771331787,-0.03767697140574455,0.4365823268890381,0.6098578572273254,-0.04759673401713371,0.4350488781929016,0.633737325668335,-0.04267321899533272,0.43035581707954407,0.6288669109344482,-0.03705143555998802,Q
0.6379987597465515,0.5651047229766846,-3.6558472515935136e-07,0.5991993546485901,0.555217444896698,-0.004350997973233461,0.5652706623077393,0.5392852425575256,-0.013681074604392052,0.540568470954895,0.536385715007782,-0.025417039170861244,0.5173346400260925,0.5293426513671875,-0.03508532792329788,0.5731074810028076,0.4216555655002594,-0.0033401816617697477,0.5356931090354919,0.4248329699039459,-0.021879911422729492,0.5250834226608276,0.4636072814464569,-0.03315873071551323,0.5241193771362305,0.49911847710609436,-0.03872703015804291,0.588316023349762,0.41093531250953674,-0.009728343226015568,0.5520482063293457,0.4563387334346771,-0.025988321751356125,0.5683881640434265,0.4970594644546509,-0.028722602874040604,0.5835190415382385,0.49532467126846313,-0.028621798381209373,0.6051548719406128,0.4128205180168152,-0.0186015572398901,0.5708261132240295,0.4635683298110962,-0.03146250545978546,0.5868085026741028,0.4984191656112671,-0.024224385619163513,0.5991790890693665,0.4913262128829956,-0.018092593178153038,0.6233757138252258,0.42593127489089966,-0.028746623545885086,0.5924503207206726,0.4594687223434448,-0.03525683656334877,0.5997998714447021,0.4877711534500122,-0.0282670296728611,0.6096665859222412,0.486914724111557,-0.02175546996295452,Q
0.417290598154068,0.6632310152053833,1.9560221886649742e-08,0.4545590877532959,0.6672734022140503,-0.005929268430918455,0.4841116964817047,0.6603633761405945,-0.017883623018860817,0.500737726688385,0.6495919823646545,-0.03211811184883118,0.49412864446640015,0.6388872265815735,-0.046167027205228806,0.4880896210670471,0.5583054423332214,-0.014586901292204857,0.5029696226119995,0.5164677500724792,-0.030866030603647232,0.5164604187011719,0.4983654022216797,-0.04088333621621132,0.5263779759407043,0.4888931214809418,-0.047414518892765045,0.4683423638343811,0.5415287613868713,-0.02181156538426876,0.48637035489082336,0.5953884720802307,-0.04057806357741356,0.4757184088230133,0.6367270946502686,-0.0438479483127594,0.4676918387413025,0.6369723081588745,-0.043533146381378174,0.4460597634315491,0.5458110570907593,-0.02999303676187992,0.46156784892082214,0.6140255331993103,-0.047709811478853226,0.45293334126472473,0.6404688358306885,-0.04403672739863396,0.4462839961051941,0.6294419169425964,-0.038984011858701706,0.4241495728492737,0.559926450252533,-0.039056334644556046,0.4371243119239807,0.6090030074119568,-0.048550304025411606,0.4343290328979492,0.630902111530304,-0.043386973440647125,0.4286003112792969,0.6240943670272827,-0.0379258394241333,Q
0.6358006596565247,0.5645650625228882,-3.36499340392038e-07,0.5968341827392578,0.5533915758132935,-0.005947641562670469,0.561381995677948,0.5367841124534607,-0.015607460401952267,0.5342960953712463,0.5355246663093567,-0.027173826470971107,0.512532114982605,0.5244880318641663,-0.036915313452482224,0.5731248259544373,0.41850024461746216,-0.0038262398447841406,0.5363069772720337,0.41997700929641724,-0.02239718846976757,0.5236984491348267,0.45455044507980347,-0.03429610654711723,0.520062267780304,0.4888712465763092,-0.04039851948618889,0.5894140005111694,0.4064910411834717,-0.0090853376314044,0.5518978834152222,0.44214239716529846,-0.026237567886710167,0.5655875205993652,0.48695334792137146,-0.030144736170768738,0.5802362561225891,0.4918249249458313,-0.030351150780916214,0.6073386073112488,0.4085320830345154,-0.01679985038936138,0.5715076327323914,0.44859033823013306,-0.030706986784934998,0.5848290920257568,0.4890231490135193,-0.024490345269441605,0.5975040793418884,0.48783931136131287,-0.01837385818362236,0.6259012818336487,0.4228132665157318,-0.02575509063899517,0.5950168967247009,0.4510173201560974,-0.03320290893316269,0.6003479957580566,0.4815090000629425,-0.02709954045712948,0.6103541254997253,0.4825633764266968,-0.020889895036816597,Q
0.4186688959598541,0.6641964912414551,1.986571618317612e-08,0.4543265700340271,0.6682850122451782,-0.005867129657417536,0.48274970054626465,0.6615980863571167,-0.017371492460370064,0.4999842941761017,0.6515583395957947,-0.0311497300863266,0.49785304069519043,0.6358503103256226,-0.044411368668079376,0.4878414273262024,0.5584349036216736,-0.014622420072555542,0.5031766891479492,0.5165653228759766,-0.03304515406489372,0.5182791352272034,0.5091637372970581,-0.04412923753261566,0.528715968132019,0.513060450553894,-0.05045587196946144,0.4680590331554413,0.5416197776794434,-0.02157057262957096,0.4868699610233307,0.5937706232070923,-0.04114684462547302,0.4769745171070099,0.6372959613800049,-0.0444180928170681,0.4687800109386444,0.640541672706604,-0.043801479041576385,0.44598880410194397,0.5457451343536377,-0.029782583937048912,0.46126118302345276,0.6147288084030151,-0.04781283438205719,0.45356327295303345,0.6426504254341125,-0.04372096061706543,0.44728341698646545,0.6334295868873596,-0.03818856179714203,0.4240395426750183,0.5599470734596252,-0.03890680894255638,0.43657442927360535,0.6120352745056152,-0.04856739565730095,0.43562957644462585,0.6361533999443054,-0.04315342381596565,0.4315708577632904,0.631199061870575,-0.037183307111263275,Q
0.6358557343482971,0.5655769109725952,-3.1997171845432604e-07,0.5955034494400024,0.5525168180465698,-0.004991401918232441,0.559653639793396,0.5345631837844849,-0.013890695758163929,0.5319900512695312,0.5336893200874329,-0.024900779128074646,0.5101516246795654,0.5267802476882935,-0.034402038902044296,0.5727988481521606,0.42000365257263184,-0.0008560809073969722,0.5365275144577026,0.4177670180797577,-0.019131293520331383,0.5235523581504822,0.4498101472854614,-0.03196582943201065,0.5185747146606445,0.4816756844520569,-0.038998354226350784,0.5884748697280884,0.40706807374954224,-0.0067670042626559734,0.5485574007034302,0.4313195049762726,-0.02439125068485737,0.5593045353889465,0.47725459933280945,-0.029559561982750893,0.5736209750175476,0.4849715232849121,-0.0305146686732769,0.6064805388450623,0.40816742181777954,-0.015161880291998386,0.5698732733726501,0.4386657476425171,-0.02913496643304825,0.5812973380088806,0.47998297214508057,-0.023734211921691895,0.5944279432296753,0.4798777997493744,-0.01817133091390133,0.6248466372489929,0.42139971256256104,-0.024733085185289383,0.5945175290107727,0.4473862051963806,-0.03189929574728012,0.5991274118423462,0.4782963693141937,-0.026315756142139435,0.6096645593643188,0.4782314598560333,-0.02078803814947605,Q
0.41798996925354004,0.6659542918205261,2.5358060540270344e-08,0.4534570872783661,0.6695885062217712,-0.00700638210400939,0.4828707277774811,0.662395715713501,-0.019045503810048103,0.5005887150764465,0.6511021852493286,-0.03332186117768288,0.49722549319267273,0.6403468251228333,-0.04699874669313431,0.4872952103614807,0.5596826076507568,-0.013220148161053658,0.50025874376297,0.5174158215522766,-0.030901676043868065,0.5136842727661133,0.5071982145309448,-0.041623666882514954,0.5240721106529236,0.5082379579544067,-0.047770313918590546,0.46772900223731995,0.5423244833946228,-0.01972491666674614,0.48607128858566284,0.5914140939712524,-0.03859924152493477,0.47705480456352234,0.631745457649231,-0.042251840233802795,0.470578134059906,0.6330357789993286,-0.04189491271972656,0.44593048095703125,0.5458816885948181,-0.027652665972709656,0.4609265625476837,0.6139934659004211,-0.044759612530469894,0.45284491777420044,0.6405131816864014,-0.04134591296315193,0.4470968544483185,0.630777895450592,-0.03635765239596367,0.4243863821029663,0.5597829818725586,-0.036699078977108,0.4365571439266205,0.6114916801452637,-0.045139141380786896,0.433392733335495,0.6329620480537415,-0.040101394057273865,0.4276048243045807,0.6256201267242432,-0.03464197739958763,Q
0.6332266926765442,0.5692788362503052,-2.813227695241949e-07,0.5951197743415833,0.55634605884552,-0.006089102942496538,0.5587747097015381,0.534170389175415,-0.013862275518476963,0.5309430956840515,0.5338331460952759,-0.023364942520856857,0.511016845703125,0.5240707397460938,-0.031221449375152588,0.5704442858695984,0.42150235176086426,0.0002578790008556098,0.5355897545814514,0.4232988655567169,-0.018530068919062614,0.5240268707275391,0.45739254355430603,-0.03194556385278702,0.5209133625030518,0.48491764068603516,-0.03930847346782684,0.5859565734863281,0.40881162881851196,-0.005170729476958513,0.54764723777771,0.4194902777671814,-0.023282408714294434,0.5551699995994568,0.46811643242836,-0.028633637353777885,0.5688073039054871,0.47675764560699463,-0.028884680941700935,0.604722797870636,0.40985310077667236,-0.013348898850381374,0.5705158114433289,0.4298497140407562,-0.02741195820271969,0.5776864290237427,0.4745124876499176,-0.021945960819721222,0.5896654725074768,0.4742175340652466,-0.01573772542178631,0.6235916018486023,0.42375901341438293,-0.022883886471390724,0.5968853235244751,0.4443700313568115,-0.029441291466355324,0.5989379286766052,0.475347638130188,-0.023650124669075012,0.6084461212158203,0.473789244890213,-0.017787255346775055,Q
0.4179456830024719,0.6668202877044678,-4.397314956605669e-09,0.4546011686325073,0.6696708798408508,-0.004287922754883766,0.4840725362300873,0.6610603332519531,-0.015129486098885536,0.5009986162185669,0.6506348252296448,-0.028664492070674896,0.49571797251701355,0.6363484263420105,-0.04170528054237366,0.48711058497428894,0.5591769814491272,-0.012005758471786976,0.501141369342804,0.5152081251144409,-0.03000253438949585,0.5143920183181763,0.5121572613716125,-0.04097640514373779,0.5234048366546631,0.5205608606338501,-0.0471063069999218,0.46750497817993164,0.542995274066925,-0.01968386024236679,0.4855709969997406,0.5928220152854919,-0.0380195789039135,0.4760095179080963,0.6349501609802246,-0.04138325899839401,0.46865224838256836,0.6356648206710815,-0.04121088236570358,0.44561243057250977,0.5474271178245544,-0.02858329750597477,0.46103283762931824,0.613926887512207,-0.04520880803465843,0.453660786151886,0.6418604254722595,-0.041074689477682114,0.44789278507232666,0.6319186687469482,-0.03597858175635338,0.4239392876625061,0.5617758631706238,-0.038360316306352615,0.43670356273651123,0.6118836402893066,-0.04674817994236946,0.43457475304603577,0.635449230670929,-0.04087642580270767,0.42960140109062195,0.6296316385269165,-0.03491811454296112,Q
0.6276615262031555,0.5702658295631409,-2.9974503945595643e-07,0.590290367603302,0.5603106021881104,-0.005701540969312191,0.5555638670921326,0.542934775352478,-0.014438645914196968,0.5297368764877319,0.539950966835022,-0.02503790520131588,0.5099702477455139,0.5259594321250916,-0.03392592817544937,0.564922571182251,0.42605677247047424,-0.0007808199734427035,0.5297099947929382,0.4292006492614746,-0.019531147554516792,0.5180402398109436,0.46220630407333374,-0.032650068402290344,0.5138075947761536,0.4905185401439667,-0.03968891501426697,0.5802280902862549,0.4136368930339813,-0.006495119072496891,0.5417298674583435,0.43118175864219666,-0.024564577266573906,0.551217794418335,0.47844377160072327,-0.029662147164344788,0.5647259950637817,0.4868459403514862,-0.029785271733999252,0.5979495048522949,0.4149290919303894,-0.014801865443587303,0.5627561807632446,0.4393053948879242,-0.029220879077911377,0.5729499459266663,0.48276451230049133,-0.023425139486789703,0.5856344103813171,0.48337462544441223,-0.016907867044210434,0.6165085434913635,0.4289015531539917,-0.024404052644968033,0.5881333351135254,0.4515945613384247,-0.031891658902168274,0.5918673872947693,0.4823976755142212,-0.026133447885513306,0.601687490940094,0.48179468512535095,-0.019983503967523575,Q
0.4171796143054962,0.6748988628387451,-3.0641038595291548e-09,0.45225194096565247,0.6779412627220154,-0.006346715148538351,0.48093897104263306,0.6719846129417419,-0.018505645915865898,0.4982565939426422,0.6603738069534302,-0.03311340883374214,0.4972090721130371,0.6439393162727356,-0.046998362988233566,0.48660603165626526,0.5665237307548523,-0.012692739255726337,0.5010207295417786,0.5292035341262817,-0.031135985627770424,0.514556348323822,0.523735761642456,-0.04210975766181946,0.5228602886199951,0.5298055410385132,-0.0479467511177063,0.46673035621643066,0.5492192506790161,-0.019391926005482674,0.4862573444843292,0.6041980981826782,-0.037357717752456665,0.4750771224498749,0.6431363821029663,-0.04016091674566269,0.466764897108078,0.638984203338623,-0.03939428552985191,0.4448835849761963,0.553207516670227,-0.027629394084215164,0.46053531765937805,0.6232908368110657,-0.045061539858579636,0.4516206979751587,0.6475055813789368,-0.04144328832626343,0.4448052942752838,0.6331495046615601,-0.036322612315416336,0.4230484068393707,0.5675210356712341,-0.03678691387176514,0.4362119734287262,0.6191281676292419,-0.046220991760492325,0.4337010383605957,0.6399421691894531,-0.041024789214134216,0.4280633330345154,0.6314347982406616,-0.035179849714040756,Q
0.6276260018348694,0.5704576373100281,-3.2567936614213977e-07,0.5890942215919495,0.5622599720954895,-0.005979990120977163,0.5546950101852417,0.5444137454032898,-0.014936001040041447,0.5289930701255798,0.5408121943473816,-0.025683365762233734,0.5074572563171387,0.5293368101119995,-0.03459036722779274,0.5634725689888,0.424681693315506,-0.0020142130088061094,0.5262370705604553,0.43018603324890137,-0.020188916474580765,0.5162491798400879,0.46552079916000366,-0.031969450414180756,0.5148781538009644,0.4948521554470062,-0.038004692643880844,0.5788017511367798,0.41264021396636963,-0.007680039387196302,0.5381579399108887,0.43810877203941345,-0.026214689016342163,0.5483044385910034,0.48781564831733704,-0.03081105835735798,0.5624171495437622,0.49593400955200195,-0.030424103140830994,0.5964369177818298,0.4149090647697449,-0.01581215113401413,0.5595189332962036,0.445079505443573,-0.031176626682281494,0.5707665681838989,0.4882066547870636,-0.02558269537985325,0.5843360424041748,0.48674947023391724,-0.019027715548872948,0.6142097115516663,0.42909958958625793,-0.02511218935251236,0.5851582288742065,0.45559680461883545,-0.03363892063498497,0.5894735455513,0.4864238202571869,-0.028433043509721756,0.5998702049255371,0.48523932695388794,-0.02246503345668316,Q
0.41519030928611755,0.6731382012367249,-2.982489633041041e-08,0.4521339535713196,0.679113507270813,-0.005038653966039419,0.4827079176902771,0.6723378896713257,-0.015374214388430119,0.5007720589637756,0.6603527069091797,-0.02830338664352894,0.4974665641784668,0.6463842391967773,-0.04050872474908829,0.4874577224254608,0.5697115063667297,-0.010578827932476997,0.5008082389831543,0.5250315070152283,-0.028331298381090164,0.5128239989280701,0.5267350673675537,-0.03932492807507515,0.519094705581665,0.5434966087341309,-0.04499140754342079,0.46832266449928284,0.5527364015579224,-0.01735049858689308,0.48524802923202515,0.6031060814857483,-0.03498740494251251,0.4752311706542969,0.6421310901641846,-0.03902415558695793,0.4663333594799042,0.6435489654541016,-0.03919564560055733,0.4461337625980377,0.5561962127685547,-0.025519510731101036,0.46016186475753784,0.6214496493339539,-0.041630808264017105,0.45293334126472473,0.6476154923439026,-0.03891809284687042,0.4467777907848358,0.6392009854316711,-0.03459100425243378,0.4242413640022278,0.5690629482269287,-0.03456108644604683,0.4357302784919739,0.6204177141189575,-0.04260546341538429,0.433950275182724,0.6425149440765381,-0.0378434956073761,0.4292614161968231,0.6368400454521179,-0.0325179398059845,Q
0.6296668648719788,0.5718119740486145,-3.339194734053308e-07,0.5907087326049805,0.565069317817688,-0.005586199928075075,0.5554060935974121,0.5489705801010132,-0.01358860358595848,0.5306280255317688,0.5451809167861938,-0.02351207844913006,0.5110508799552917,0.5320789813995361,-0.03151179850101471,0.5596797466278076,0.4253784716129303,-0.00019249063916504383,0.5228128433227539,0.4361742436885834,-0.018491560593247414,0.5143636465072632,0.4734894633293152,-0.03126963973045349,0.5140900611877441,0.502630352973938,-0.03799007833003998,0.5751969814300537,0.4125900864601135,-0.006084490567445755,0.5369477272033691,0.44216054677963257,-0.023746101185679436,0.5482228994369507,0.48914873600006104,-0.028945662081241608,0.5619819164276123,0.49667054414749146,-0.02926885336637497,0.5931448340415955,0.41426485776901245,-0.014553646557033062,0.5590936541557312,0.448799192905426,-0.028809109702706337,0.5710751414299011,0.4901480972766876,-0.023439500480890274,0.5836805701255798,0.4889357388019562,-0.01724141836166382,0.6118109226226807,0.42865708470344543,-0.024317439645528793,0.5841542482376099,0.45632410049438477,-0.03160147741436958,0.5890176892280579,0.48632949590682983,-0.02601076103746891,0.598494827747345,0.4850664436817169,-0.019893184304237366,Q
0.41652873158454895,0.6787770390510559,-2.756578743046134e-09,0.45400378108024597,0.6826220154762268,-0.007133865263313055,0.4837915301322937,0.6746342182159424,-0.020048724487423897,0.5009389519691467,0.6614565253257751,-0.0354241319000721,0.49795272946357727,0.654668390750885,-0.049924951046705246,0.4874982237815857,0.571768045425415,-0.01378967147320509,0.5006581544876099,0.5253559947013855,-0.03227505460381508,0.5121762752532959,0.5197060108184814,-0.04271984100341797,0.5191954970359802,0.5283494591712952,-0.048152100294828415,0.46745407581329346,0.5555769205093384,-0.02024148590862751,0.4857277274131775,0.6084246635437012,-0.03870990872383118,0.4755501449108124,0.6474548578262329,-0.041125405579805374,0.4686301648616791,0.6449874043464661,-0.039956700056791306,0.4455137848854065,0.5600107312202454,-0.028316142037510872,0.4610649645328522,0.6301503777503967,-0.045314058661460876,0.4533555209636688,0.6548146605491638,-0.04119524359703064,0.4480457901954651,0.6426615715026855,-0.03580893203616142,0.42428386211395264,0.5739486217498779,-0.0375385507941246,0.43677616119384766,0.6264922618865967,-0.04612252488732338,0.43431317806243896,0.6473110318183899,-0.04090677574276924,0.4294487535953522,0.6396280527114868,-0.03521314263343811,Q
0.6279822587966919,0.5698416233062744,-3.2892123158489994e-07,0.588524341583252,0.5601353645324707,-0.0042427340522408485,0.5541736483573914,0.5451788902282715,-0.012166200205683708,0.5301520824432373,0.5422860383987427,-0.02234245464205742,0.5103280544281006,0.531541645526886,-0.03082667663693428,0.5614720582962036,0.42636480927467346,0.0012137370649725199,0.5265956521034241,0.4336605668067932,-0.016825169324874878,0.5164332985877991,0.4670324921607971,-0.029431214556097984,0.5133850574493408,0.49612632393836975,-0.03614167124032974,0.576610803604126,0.412037193775177,-0.005350122693926096,0.5389453768730164,0.44355374574661255,-0.022936860099434853,0.5507907867431641,0.48938891291618347,-0.028228141367435455,0.5649468898773193,0.4961211085319519,-0.028818558901548386,0.5939105749130249,0.4119475483894348,-0.014470723457634449,0.5591330528259277,0.4485166370868683,-0.028767956420779228,0.5712825655937195,0.4898098111152649,-0.023565389215946198,0.5842514038085938,0.4894331097602844,-0.017608189955353737,0.6122124791145325,0.4245767593383789,-0.024803239852190018,0.5835702419281006,0.4535990059375763,-0.032400861382484436,0.5887464880943298,0.4846506118774414,-0.02699941210448742,0.5987194180488586,0.4853307604789734,-0.021037451922893524,Q
0.4147156774997711,0.6734520792961121,-5.168714789505202e-09,0.4518933892250061,0.6793896555900574,-0.006641319952905178,0.4826701283454895,0.671818196773529,-0.016826100647449493,0.5009266138076782,0.6617701649665833,-0.02894619107246399,0.49993735551834106,0.6454283595085144,-0.040486935526132584,0.4866017997264862,0.5699833631515503,-0.012040494941174984,0.501348614692688,0.5265264511108398,-0.02711034193634987,0.5132348537445068,0.5137842297554016,-0.036900728940963745,0.5207103490829468,0.5106814503669739,-0.042966898530721664,0.46753746271133423,0.5542592406272888,-0.017874758690595627,0.4869356155395508,0.6033612489700317,-0.03459000587463379,0.4789015054702759,0.641969621181488,-0.03900810331106186,0.4709402024745941,0.6442504525184631,-0.039901770651340485,0.44583064317703247,0.5585891604423523,-0.024794401600956917,0.46128717064857483,0.6217096447944641,-0.039612915366888046,0.45431169867515564,0.6472247838973999,-0.0368431881070137,0.4479449987411499,0.6390222907066345,-0.03302653506398201,0.42451104521751404,0.571880578994751,-0.03280201926827431,0.43714359402656555,0.6205030083656311,-0.04051094502210617,0.4355299770832062,0.6415525078773499,-0.03600156307220459,0.43036821484565735,0.6358896493911743,-0.031214088201522827,Q
0.6286593675613403,0.564924955368042,-3.391705263311451e-07,0.590669572353363,0.5574123859405518,-0.00500784395262599,0.5561202764511108,0.5417473316192627,-0.013272015377879143,0.5318554639816284,0.5393546223640442,-0.023415759205818176,0.5114187002182007,0.5295456051826477,-0.03168152645230293,0.5639076232910156,0.4205702543258667,-0.0006893007084727287,0.5283576846122742,0.430897057056427,-0.018409226089715958,0.518243670463562,0.4668428599834442,-0.030390413478016853,0.5162182450294495,0.49918925762176514,-0.03662431240081787,0.579160749912262,0.4068313241004944,-0.0067059071734547615,0.541641116142273,0.4421538710594177,-0.023745009675621986,0.5547502040863037,0.48716962337493896,-0.028341613709926605,0.5695885419845581,0.49305787682533264,-0.028551651164889336,0.5962473750114441,0.4071325361728668,-0.015201529487967491,0.5617232918739319,0.4466003477573395,-0.028942029923200607,0.5745494961738586,0.4861201047897339,-0.023516029119491577,0.5874304175376892,0.4843525290489197,-0.017651133239269257,0.6143310070037842,0.42027807235717773,-0.02496655285358429,0.5859103798866272,0.450440376996994,-0.03270446136593819,0.5915946364402771,0.48045802116394043,-0.027413900941610336,0.6013305187225342,0.4806475043296814,-0.021522726863622665,Q
0.4185619354248047,0.6724268794059753,4.919886720244904e-09,0.45449134707450867,0.6782057285308838,-0.0065602706745266914,0.4842473268508911,0.6727099418640137,-0.018675656989216805,0.5007537603378296,0.6598232388496399,-0.033293429762125015,0.49624165892601013,0.6453315615653992,-0.04723553732037544,0.4881225526332855,0.5691314339637756,-0.014910136349499226,0.5026054382324219,0.5187021493911743,-0.032954439520835876,0.5154114365577698,0.5141973495483398,-0.04303251579403877,0.5237559676170349,0.5227745175361633,-0.04820747300982475,0.4676796495914459,0.5522108674049377,-0.021237488836050034,0.4853169918060303,0.6031927466392517,-0.03905613720417023,0.47607991099357605,0.6436794400215149,-0.041626278311014175,0.46898725628852844,0.6421099305152893,-0.04086730256676674,0.44541382789611816,0.5557359457015991,-0.028918495401740074,0.4606669545173645,0.6223925352096558,-0.04506840929389,0.4543822407722473,0.6497501730918884,-0.04076027125120163,0.44899821281433105,0.640127420425415,-0.03550700098276138,0.4241885244846344,0.569293737411499,-0.03766854479908943,0.4367693364620209,0.6194247007369995,-0.04570498317480087,0.4370352029800415,0.6427769660949707,-0.03998563438653946,0.4336923062801361,0.6392662525177002,-0.03395332768559456,Q
0.6277816891670227,0.5607050657272339,-3.286937726443284e-07,0.589656412601471,0.5544002056121826,-0.0050937761552631855,0.5551558136940002,0.5410374999046326,-0.013394856825470924,0.531058132648468,0.5411873459815979,-0.023603878915309906,0.5107948184013367,0.5322611331939697,-0.03196218982338905,0.5629165172576904,0.42063528299331665,-0.0008892148616723716,0.5268629193305969,0.4342788755893707,-0.018967824056744576,0.5183070302009583,0.47254449129104614,-0.03113897703588009,0.5176941752433777,0.505418598651886,-0.03741207718849182,0.5779781937599182,0.4064403772354126,-0.006796987261623144,0.5409054756164551,0.4398747682571411,-0.0240809116512537,0.5543256998062134,0.4842936098575592,-0.02886374108493328,0.5687256455421448,0.4903062582015991,-0.029062513262033463,0.5951434969902039,0.4061480164527893,-0.015175997279584408,0.5605877637863159,0.44618159532546997,-0.028771426528692245,0.5743115544319153,0.4855089485645294,-0.02336215041577816,0.586859405040741,0.4832087755203247,-0.01752261444926262,0.6132626533508301,0.41910362243652344,-0.024810953065752983,0.5846409797668457,0.4519606828689575,-0.03227061405777931,0.5915083885192871,0.4804709255695343,-0.02686217613518238,0.6014804244041443,0.4786655306816101,-0.020907793194055557,Q
0.41930967569351196,0.6762272119522095,1.6773066491282407e-08,0.45417580008506775,0.6757094860076904,-0.006156773306429386,0.48285314440727234,0.6660582423210144,-0.01795758679509163,0.4992624521255493,0.655006468296051,-0.03202233836054802,0.4950007498264313,0.6477659940719604,-0.045872341841459274,0.4856902062892914,0.5684429407119751,-0.013808664865791798,0.4994887709617615,0.5280790328979492,-0.02934720553457737,0.5102933645248413,0.5071079134941101,-0.03909429535269737,0.5181659460067749,0.4932901859283447,-0.04543450102210045,0.46508926153182983,0.5525373816490173,-0.02073848247528076,0.48325350880622864,0.6055033802986145,-0.03868167847394943,0.47498056292533875,0.6452261805534363,-0.042222630232572556,0.4679886996746063,0.644745409488678,-0.04218221828341484,0.4426499009132385,0.5577006340026855,-0.028597060590982437,0.45954087376594543,0.6214489936828613,-0.04502621665596962,0.453476220369339,0.6487812995910645,-0.041189853101968765,0.44757500290870667,0.6406487226486206,-0.0361708365380764,0.42084604501724243,0.5723690390586853,-0.037439730018377304,0.43531501293182373,0.617627739906311,-0.0458306148648262,0.43516287207603455,0.6412040591239929,-0.04015213996171951,0.4310430586338043,0.6392066478729248,-0.03429412469267845,Q
0.6242125630378723,0.5614143013954163,-3.185794810178777e-07,0.5879390835762024,0.5550342798233032,-0.005983013194054365,0.5542128682136536,0.5400334596633911,-0.01444193534553051,0.5302830934524536,0.5386223793029785,-0.02466564252972603,0.5107721090316772,0.5281937718391418,-0.032796576619148254,0.5614911317825317,0.4221633970737457,-0.0016738249687477946,0.5263051390647888,0.4302537143230438,-0.019986430183053017,0.5171687602996826,0.46505245566368103,-0.031292568892240524,0.5155810713768005,0.49598631262779236,-0.03681139647960663,0.5765748023986816,0.40739744901657104,-0.007122689392417669,0.5397684574127197,0.4400981664657593,-0.024828389286994934,0.5540821552276611,0.48417577147483826,-0.028568528592586517,0.5685179233551025,0.48830845952033997,-0.02778906375169754,0.5934343934059143,0.40615522861480713,-0.015259913168847561,0.5590164661407471,0.4450608491897583,-0.029829367995262146,0.5731987953186035,0.48551538586616516,-0.023849671706557274,0.5858680605888367,0.48352736234664917,-0.017220057547092438,0.6113031506538391,0.4178656339645386,-0.02472401037812233,0.5828178524971008,0.45018258690834045,-0.033046867698431015,0.5893568396568298,0.48007097840309143,-0.027915628626942635,0.5991382002830505,0.47964367270469666,-0.021906115114688873,Q
0.42158883810043335,0.6746039390563965,-1.0512696269060484e-09,0.4544293284416199,0.6772176623344421,-0.007010200992226601,0.482783704996109,0.6682430505752563,-0.018517037853598595,0.4992673397064209,0.6554270386695862,-0.03231102600693703,0.4964931905269623,0.6416187286376953,-0.04537787660956383,0.4869788587093353,0.5680984854698181,-0.012997107580304146,0.4997318983078003,0.5221025943756104,-0.03104126639664173,0.5123298168182373,0.5157655477523804,-0.04155511409044266,0.5207518339157104,0.5241070985794067,-0.046866513788700104,0.46667638421058655,0.5516780018806458,-0.018980061635375023,0.4845944941043854,0.5989026427268982,-0.03705284744501114,0.47687268257141113,0.6387418508529663,-0.04057115316390991,0.4701465964317322,0.6395856142044067,-0.040203601121902466,0.4449280798435211,0.5562613010406494,-0.026490092277526855,0.46106985211372375,0.6190652251243591,-0.04306678846478462,0.45521754026412964,0.6462079286575317,-0.039549313485622406,0.4497702121734619,0.6378225684165955,-0.03446625545620918,0.4234135150909424,0.5703874826431274,-0.035063955932855606,0.43651530146598816,0.6163230538368225,-0.043579183518886566,0.4355492889881134,0.6383751034736633,-0.03839714080095291,0.4309537410736084,0.6338394284248352,-0.03248090669512749,Q
0.6238544583320618,0.5568422675132751,-3.177012217747688e-07,0.5877324342727661,0.5518031716346741,-0.0053101228550076485,0.5537894368171692,0.5378426313400269,-0.012998579069972038,0.5297210216522217,0.5383297204971313,-0.022625567391514778,0.510528028011322,0.5291770696640015,-0.030586734414100647,0.5575608611106873,0.4215509593486786,-0.0004338836297392845,0.5231909155845642,0.42857030034065247,-0.018935522064566612,0.5169909000396729,0.4674917459487915,-0.03178878128528595,0.5192296504974365,0.4990919232368469,-0.03846609964966774,0.5731513500213623,0.40630415081977844,-0.0060622054152190685,0.5382685661315918,0.4308776259422302,-0.023297777399420738,0.5492991805076599,0.4756118953227997,-0.028512921184301376,0.5626828670501709,0.4840620160102844,-0.0289828572422266,0.5916499495506287,0.4050444960594177,-0.014324174262583256,0.559482216835022,0.43460437655448914,-0.02799265645444393,0.5700236558914185,0.47551843523979187,-0.02326955460011959,0.5814158916473389,0.4763285219669342,-0.017725063487887383,0.6114183068275452,0.4163382053375244,-0.02382977493107319,0.5850066542625427,0.44377654790878296,-0.03086446225643158,0.5890628695487976,0.47308897972106934,-0.025966372340917587,0.5978876352310181,0.47281280159950256,-0.020494328811764717,Q
0.4194211959838867,0.6750935912132263,-1.4928077662901273e-09,0.4554615020751953,0.6762192249298096,-0.00599706219509244,0.4841585159301758,0.6697413325309753,-0.017945343628525734,0.500160276889801,0.6586070656776428,-0.03205184265971184,0.49685195088386536,0.6462166905403137,-0.045741911977529526,0.4870511591434479,0.5713502764701843,-0.014997260645031929,0.4984774887561798,0.5280005931854248,-0.031657230108976364,0.5092039704322815,0.5101409554481506,-0.04164915531873703,0.5166262984275818,0.5001094341278076,-0.047926660627126694,0.4668651819229126,0.5545764565467834,-0.021812638267874718,0.48478615283966064,0.607742965221405,-0.039743244647979736,0.47530895471572876,0.6473955512046814,-0.04265347123146057,0.4676557779312134,0.6452959775924683,-0.042355574667453766,0.4445919096469879,0.5592954158782959,-0.029619304463267326,0.4597804546356201,0.627029538154602,-0.0461900420486927,0.4532570242881775,0.6514887809753418,-0.04205215722322464,0.44770222902297974,0.6391525864601135,-0.03711264580488205,0.4228358864784241,0.5744231343269348,-0.03835318237543106,0.4351709187030792,0.6251931190490723,-0.047329191118478775,0.43511494994163513,0.6462967991828918,-0.04204815998673439,0.4312436580657959,0.6393711566925049,-0.03658090904355049,Q
0.6277036666870117,0.5595223307609558,-2.793249507249129e-07,0.5916045308113098,0.5577225089073181,-0.0052522351033985615,0.5551325678825378,0.5425294637680054,-0.011914716102182865,0.5292399525642395,0.5425641536712646,-0.020902257412672043,0.5098779797554016,0.5330196619033813,-0.028454245999455452,0.5570945143699646,0.43892359733581543,0.0025770242791622877,0.5239078402519226,0.4354635179042816,-0.01560365129262209,0.5173901915550232,0.4732781648635864,-0.0285798367112875,0.5216852426528931,0.5010507702827454,-0.03532681241631508,0.5699441432952881,0.42468011379241943,-0.0033732654992491007,0.5361447334289551,0.4172728657722473,-0.020228927955031395,0.5428844690322876,0.46327218413352966,-0.02570851519703865,0.5572923421859741,0.47511744499206543,-0.02589322440326214,0.5884266495704651,0.42011013627052307,-0.01210351288318634,0.5575677752494812,0.41859447956085205,-0.02605094015598297,0.5651004314422607,0.46526503562927246,-0.020792601630091667,0.5786333084106445,0.47077202796936035,-0.014261550270020962,0.6098572611808777,0.4256596863269806,-0.022055909037590027,0.5848719477653503,0.431954562664032,-0.029005061835050583,0.5868988633155823,0.4646022915840149,-0.023176804184913635,0.5974143147468567,0.4678039848804474,-0.017072858288884163,Q
0.4160291254520416,0.676751434803009,5.571465067077952e-09,0.4517550468444824,0.6795364618301392,-0.0052692885510623455,0.4815036654472351,0.6691403388977051,-0.016200998798012733,0.4992481768131256,0.657265305519104,-0.029509956017136574,0.49517014622688293,0.6551938652992249,-0.04253111779689789,0.4844663143157959,0.5736293196678162,-0.012331081554293633,0.49610355496406555,0.5270429849624634,-0.027457933872938156,0.507594645023346,0.5107752084732056,-0.03666386753320694,0.5158567428588867,0.5065212249755859,-0.04235623776912689,0.4647463858127594,0.5578663349151611,-0.019136201590299606,0.4818040728569031,0.6087884902954102,-0.03666571527719498,0.47371041774749756,0.6494531035423279,-0.039557673037052155,0.46699491143226624,0.6529690027236938,-0.03881996497511864,0.44301533699035645,0.562288224697113,-0.026936886832118034,0.45804479718208313,0.6266561150550842,-0.04225961118936539,0.4524768590927124,0.6532768607139587,-0.03817632421851158,0.44722315669059753,0.6471441388130188,-0.03301360085606575,0.42209506034851074,0.5758148431777954,-0.035748302936553955,0.4342949092388153,0.6225718855857849,-0.04311216250061989,0.4338814616203308,0.6450474262237549,-0.03768371790647507,0.42990049719810486,0.6425347328186035,-0.03211495652794838,Q
0.6272804737091064,0.5570206046104431,-2.7151986614626367e-07,0.5922102332115173,0.5555695295333862,-0.006314700003713369,0.5566415190696716,0.5437860488891602,-0.013687215745449066,0.5301992893218994,0.54364013671875,-0.023249957710504532,0.5112536549568176,0.5306189060211182,-0.03163434937596321,0.5574793219566345,0.4479823112487793,0.0007878358592279255,0.5241428017616272,0.4341210722923279,-0.017926061525940895,0.5174564123153687,0.4703587293624878,-0.03178253769874573,0.5226427912712097,0.49907198548316956,-0.03901779651641846,0.5702477693557739,0.431549996137619,-0.004451609682291746,0.5371696949005127,0.4137587547302246,-0.020900312811136246,0.5417047142982483,0.4582706689834595,-0.027018152177333832,0.555546224117279,0.4731511175632477,-0.027936037629842758,0.5883984565734863,0.4231506586074829,-0.01254471205174923,0.5570302605628967,0.4021812081336975,-0.026445429772138596,0.5612444877624512,0.4486021101474762,-0.02161632664501667,0.5740660429000854,0.4607960879802704,-0.01536161731928587,0.6101729869842529,0.4240912199020386,-0.02184547297656536,0.5863246917724609,0.4169034957885742,-0.029574893414974213,0.5864662528038025,0.4505554735660553,-0.023903947323560715,0.5966762900352478,0.45964592695236206,-0.017741890624165535,Q
0.4168919026851654,0.6767664551734924,1.5944999987027586e-08,0.4531371593475342,0.6803120970726013,-0.00731970090419054,0.483450710773468,0.6717109084129333,-0.019022159278392792,0.5001401901245117,0.6573628187179565,-0.03261934965848923,0.4952104985713959,0.6483772993087769,-0.045796480029821396,0.485098272562027,0.5691567659378052,-0.01442729588598013,0.4984578788280487,0.5247716903686523,-0.02992187812924385,0.5093724727630615,0.5024826526641846,-0.03951666131615639,0.5173266530036926,0.48723798990249634,-0.04595322906970978,0.46498024463653564,0.5529348850250244,-0.02070612832903862,0.4835895299911499,0.6023143529891968,-0.038760025054216385,0.4752812683582306,0.6415115594863892,-0.04229676350951195,0.4680452346801758,0.6412186026573181,-0.04231197386980057,0.4428650140762329,0.5583660006523132,-0.02801463194191456,0.45872464776039124,0.6234855055809021,-0.04444253444671631,0.45261457562446594,0.6500124335289001,-0.04076865315437317,0.44698986411094666,0.6412452459335327,-0.03601190075278282,0.42146816849708557,0.5735037922859192,-0.036420322954654694,0.4343356192111969,0.6227430701255798,-0.044769253581762314,0.4334915280342102,0.6453730463981628,-0.03960549086332321,0.4289131164550781,0.6407936215400696,-0.034363072365522385,Q
0.6250044107437134,0.5545369982719421,-2.537703664984292e-07,0.5937051773071289,0.5560899376869202,-0.007246144115924835,0.5572701096534729,0.5435794591903687,-0.013031551614403725,0.529945969581604,0.5406014323234558,-0.021105125546455383,0.5112369656562805,0.5279615521430969,-0.027805253863334656,0.5573982000350952,0.4569861590862274,0.004724961239844561,0.5278720855712891,0.42954879999160767,-0.01203919667750597,0.5185208320617676,0.46087178587913513,-0.023867474868893623,0.5219832062721252,0.48877614736557007,-0.02935696206986904,0.5688535571098328,0.43963584303855896,0.0007077878690324724,0.5399528741836548,0.4063667356967926,-0.01526723150163889,0.542608916759491,0.4518217146396637,-0.020764583721756935,0.5557538866996765,0.47173064947128296,-0.02010256238281727,0.5850989818572998,0.4273521304130554,-0.006533848587423563,0.5573875904083252,0.3937076926231384,-0.02087997831404209,0.5606908798217773,0.4400750696659088,-0.017038619145751,0.5738486051559448,0.45825302600860596,-0.010088007897138596,0.6059205532073975,0.41996586322784424,-0.014990512281656265,0.5842142701148987,0.3951234519481659,-0.02214435487985611,0.5829157829284668,0.42925554513931274,-0.0166426170617342,0.5922375917434692,0.4479949176311493,-0.010115926153957844,Q
0.41631338000297546,0.6782296299934387,-3.4523950365183964e-09,0.45384496450424194,0.6804882884025574,-0.004428172018378973,0.48394104838371277,0.6713346838951111,-0.015620075166225433,0.5025536417961121,0.6592013835906982,-0.029629860073328018,0.4955960214138031,0.6494453549385071,-0.04310641810297966,0.4850996732711792,0.5699764490127563,-0.012397360056638718,0.49802836775779724,0.5254536867141724,-0.030166862532496452,0.5106780529022217,0.5182812213897705,-0.04009178653359413,0.5191873908042908,0.5212929844856262,-0.04541182518005371,0.4650339186191559,0.5537000298500061,-0.01988496631383896,0.4843084514141083,0.6042484641075134,-0.03783244639635086,0.47410330176353455,0.6465176343917847,-0.03936139866709709,0.4662616550922394,0.6433014273643494,-0.03746860846877098,0.4433717131614685,0.5588459968566895,-0.028644993901252747,0.4593956768512726,0.6260440349578857,-0.04572038725018501,0.45209285616874695,0.6535252928733826,-0.04083456099033356,0.4455960988998413,0.6411641240119934,-0.03468357026576996,0.4222019910812378,0.5741328597068787,-0.038210202008485794,0.435005247592926,0.624197244644165,-0.046741459518671036,0.4340900778770447,0.6467483639717102,-0.040626633912324905,0.42898428440093994,0.6405421495437622,-0.03419146314263344,Q
0.6270740032196045,0.55632483959198,-2.415073367956211e-07,0.595748245716095,0.5576186776161194,-0.007423347793519497,0.5606103539466858,0.5461733341217041,-0.013635918498039246,0.5334967970848083,0.5448787808418274,-0.02227639965713024,0.5134055018424988,0.5348688960075378,-0.029889363795518875,0.5584468841552734,0.46556276082992554,0.0033195961732417345,0.5262450575828552,0.4438498020172119,-0.014409630559384823,0.516581654548645,0.47670844197273254,-0.02765430510044098,0.5204559564590454,0.5045180320739746,-0.033925652503967285,0.5690294504165649,0.4462921619415283,-0.0005665370263159275,0.538513720035553,0.4107739329338074,-0.016408314928412437,0.5389240384101868,0.4523075520992279,-0.022802507504820824,0.5513783693313599,0.4739941358566284,-0.02303365245461464,0.5847318768501282,0.43214988708496094,-0.007552636321634054,0.5556132197380066,0.39321279525756836,-0.020863156765699387,0.5569561719894409,0.43758487701416016,-0.01780889928340912,0.5699852705001831,0.4584382176399231,-0.01169104315340519,0.6050701141357422,0.4231886863708496,-0.01586487703025341,0.5828542113304138,0.3945867419242859,-0.022205619141459465,0.5795069932937622,0.4255233407020569,-0.01722698286175728,0.5882682800292969,0.4450685381889343,-0.011262844316661358,Q
0.4164760410785675,0.675130307674408,-6.662118412492646e-09,0.45222797989845276,0.6788311004638672,-0.004903955385088921,0.482329398393631,0.671261727809906,-0.01533185038715601,0.500003457069397,0.6610991954803467,-0.02810329757630825,0.4949030876159668,0.6500470042228699,-0.04045771807432175,0.48473867774009705,0.5711899399757385,-0.012171439826488495,0.49639084935188293,0.5253810286521912,-0.027638820931315422,0.507267951965332,0.5156453251838684,-0.037265192717313766,0.5146634578704834,0.5175821781158447,-0.042859386652708054,0.4653088450431824,0.5565211772918701,-0.01885458640754223,0.48285695910453796,0.6077059507369995,-0.03517141193151474,0.47432512044906616,0.6426466703414917,-0.03879750519990921,0.46689677238464355,0.6411132216453552,-0.03923402726650238,0.4435815215110779,0.5616167783737183,-0.026508675888180733,0.45981457829475403,0.6278560757637024,-0.041482847183942795,0.45351964235305786,0.6522546410560608,-0.03865085169672966,0.44789838790893555,0.643751323223114,-0.03464213386178017,0.42268675565719604,0.5756926536560059,-0.034973032772541046,0.43642324209213257,0.62552809715271,-0.04224350303411484,0.43503710627555847,0.6465252041816711,-0.03723757341504097,0.43019798398017883,0.6416372656822205,-0.03206063061952591,Q
0.6258569955825806,0.556769847869873,-2.493084423349501e-07,0.5951693058013916,0.5580078363418579,-0.006359828636050224,0.5599187612533569,0.5458177924156189,-0.011815550737082958,0.5339264869689941,0.5437971949577332,-0.019880671054124832,0.514801025390625,0.5343150496482849,-0.02681741863489151,0.5597927570343018,0.4602091908454895,0.003974847961217165,0.5294901132583618,0.43767067790031433,-0.012932240031659603,0.5208276510238647,0.4748823642730713,-0.025420721620321274,0.5257238149642944,0.5054500102996826,-0.03112197481095791,0.5708342790603638,0.4424131512641907,-0.0004961122758686543,0.5421014428138733,0.40251654386520386,-0.016104500740766525,0.5420669317245483,0.44569191336631775,-0.022178910672664642,0.5550665259361267,0.4688783586025238,-0.02192157879471779,0.5865088105201721,0.4304438531398773,-0.007934508845210075,0.5593500733375549,0.390449196100235,-0.020765963941812515,0.5599726438522339,0.4349703788757324,-0.017848122864961624,0.5729929804801941,0.4554052948951721,-0.011679425835609436,0.6066405177116394,0.42312315106391907,-0.016622863709926605,0.5854353308677673,0.38972195982933044,-0.021964166313409805,0.5812922120094299,0.42084696888923645,-0.01664685271680355,0.5895247459411621,0.4420773983001709,-0.010505130514502525,Q
0.41855406761169434,0.6792203783988953,2.3198054588391415e-09,0.45444345474243164,0.6846020221710205,-0.008456682786345482,0.4831011891365051,0.6778743267059326,-0.02177463285624981,0.5004379749298096,0.6638194918632507,-0.03719878941774368,0.4978097081184387,0.647647500038147,-0.05168869346380234,0.4875490665435791,0.572105348110199,-0.016092903912067413,0.49862009286880493,0.5235798954963684,-0.03543941304087639,0.5114489197731018,0.520422637462616,-0.04628439620137215,0.5203614830970764,0.531582236289978,-0.05174936726689339,0.4670589566230774,0.5556262731552124,-0.021866483613848686,0.4852604866027832,0.6057922840118408,-0.04107076674699783,0.4750916659832001,0.6491924524307251,-0.04350084438920021,0.4679112136363983,0.6496195197105408,-0.042115576565265656,0.4448623061180115,0.5599994659423828,-0.029325244948267937,0.4606194794178009,0.6279523372650146,-0.046678561717271805,0.45333147048950195,0.6556096076965332,-0.04212186858057976,0.44766074419021606,0.6455592513084412,-0.03631316497921944,0.4234688878059387,0.5745961666107178,-0.03801965340971947,0.4362010955810547,0.62642502784729,-0.04682757705450058,0.43519994616508484,0.6494188904762268,-0.04131637513637543,0.43066009879112244,0.6434398889541626,-0.035248808562755585,Q
0.6288822889328003,0.5568190813064575,-2.422699765247671e-07,0.596256673336029,0.5571927428245544,-0.006775477435439825,0.5604320764541626,0.546791672706604,-0.012470992282032967,0.5336745977401733,0.5439402461051941,-0.020766450092196465,0.5142701268196106,0.5314223766326904,-0.027871327474713326,0.5592971444129944,0.4628294110298157,0.004273177124559879,0.5301631093025208,0.4389948844909668,-0.012625602073967457,0.5217684507369995,0.4725921154022217,-0.025240464136004448,0.5254127979278564,0.5004996061325073,-0.03104775957763195,0.5705501437187195,0.4442169666290283,-8.539709233446047e-05,0.5416280031204224,0.4028919041156769,-0.016236836090683937,0.5412821173667908,0.44383683800697327,-0.023011408746242523,0.5529815554618835,0.46865546703338623,-0.023192699998617172,0.5862398743629456,0.4311625063419342,-0.007463737856596708,0.5607557892799377,0.38993555307388306,-0.021327409893274307,0.5607163906097412,0.4326499402523041,-0.019805949181318283,0.5722583532333374,0.456460177898407,-0.01428796723484993,0.606005072593689,0.422879695892334,-0.016019485890865326,0.5855042338371277,0.3877534568309784,-0.022157317027449608,0.5806947350502014,0.4174021780490875,-0.017926326021552086,0.5870746374130249,0.44127705693244934,-0.012443860061466694,Q
0.417881578207016,0.6768773794174194,5.963978200185238e-09,0.4531574249267578,0.6827150583267212,-0.007255720905959606,0.48217907547950745,0.6766680479049683,-0.019672663882374763,0.5010361671447754,0.6651571989059448,-0.03437153995037079,0.4986867308616638,0.6501457691192627,-0.04824363440275192,0.4861547350883484,0.5722196102142334,-0.0141886156052351,0.49802452325820923,0.5262423753738403,-0.032377760857343674,0.5102254152297974,0.5187100768089294,-0.042743124067783356,0.5179125666618347,0.5247490406036377,-0.048060666769742966,0.4665500223636627,0.5560203790664673,-0.020320771262049675,0.4860295355319977,0.6074343919754028,-0.03863693028688431,0.47648105025291443,0.6465973854064941,-0.041326720267534256,0.4691830575466156,0.644587516784668,-0.040226973593235016,0.4451911151409149,0.5606451034545898,-0.027953006327152252,0.46124184131622314,0.629226803779602,-0.04472195729613304,0.45396652817726135,0.6541320085525513,-0.04069064185023308,0.4479626417160034,0.6430423855781555,-0.03528691828250885,0.4242142140865326,0.5751380324363708,-0.036670371890068054,0.4373740255832672,0.6281334757804871,-0.04533316195011139,0.4355199635028839,0.648809015750885,-0.04011458903551102,0.4302118718624115,0.6415138244628906,-0.03427105396986008,Q
0.6278442740440369,0.5583608150482178,-2.4205343152061687e-07,0.5968908667564392,0.559179425239563,-0.006904046516865492,0.5609005689620972,0.5492289066314697,-0.012859152629971504,0.5338650941848755,0.5469363927841187,-0.0212462916970253,0.5145096778869629,0.5349953174591064,-0.028483310714364052,0.5606604814529419,0.4663178026676178,0.0021900597494095564,0.5315852761268616,0.43626004457473755,-0.015481971204280853,0.5224450826644897,0.4691816568374634,-0.028052331879734993,0.5250588655471802,0.4975634217262268,-0.03358175978064537,0.571537971496582,0.4488310217857361,-0.002458179835230112,0.5398601293563843,0.4038497805595398,-0.019742675125598907,0.5375941395759583,0.4449298679828644,-0.026255132630467415,0.5482831001281738,0.4709448218345642,-0.025786418467760086,0.5870083570480347,0.43628382682800293,-0.010084925219416618,0.5590205788612366,0.3925779461860657,-0.02506452612578869,0.5589396357536316,0.4352870285511017,-0.02333465777337551,0.5706163644790649,0.45989444851875305,-0.017201727256178856,0.6069597005844116,0.4273243546485901,-0.018786001950502396,0.5852794051170349,0.39218854904174805,-0.02592654898762703,0.5810545086860657,0.42090553045272827,-0.021725594997406006,0.5880259871482849,0.44408148527145386,-0.01595114730298519,Q
0.4181237816810608,0.6789641380310059,-3.135960602307364e-09,0.45520296692848206,0.6835557222366333,-0.0058746603317558765,0.485535591840744,0.6770451664924622,-0.017584865912795067,0.5034792423248291,0.6647671461105347,-0.0316297821700573,0.4976131319999695,0.6512717604637146,-0.045332133769989014,0.48726481199264526,0.5745680332183838,-0.014097614213824272,0.49961549043655396,0.5287594795227051,-0.03070661425590515,0.5112641453742981,0.5159385204315186,-0.04078643023967743,0.518486738204956,0.5131814479827881,-0.04669981822371483,0.46724048256874084,0.5586861968040466,-0.02092757262289524,0.4861977696418762,0.610634446144104,-0.03908486291766167,0.4762827455997467,0.650833785533905,-0.04255833104252815,0.46724221110343933,0.6493363976478577,-0.04230109602212906,0.44496530294418335,0.5638343691825867,-0.028762981295585632,0.4611572325229645,0.6296001672744751,-0.04544129967689514,0.45404914021492004,0.656153678894043,-0.041887227445840836,0.44687187671661377,0.645934522151947,-0.036924492567777634,0.42315760254859924,0.5790131688117981,-0.03744592145085335,0.4363225996494293,0.6272987127304077,-0.04603944718837738,0.43631842732429504,0.6489173173904419,-0.04073205217719078,0.43157288432121277,0.6438097953796387,-0.035026345402002335,Q
0.6313332915306091,0.5631604194641113,-2.545752977312077e-07,0.5980942249298096,0.5646036863327026,-0.004760723561048508,0.5619967579841614,0.5504832863807678,-0.009248247370123863,0.5357065796852112,0.5451645851135254,-0.016706714406609535,0.5155113935470581,0.5336005091667175,-0.023192552849650383,0.5604360699653625,0.46692612767219543,0.006376568228006363,0.5295822620391846,0.4436412453651428,-0.009997243992984295,0.5186252593994141,0.47507014870643616,-0.022220004349946976,0.5212963819503784,0.5014255046844482,-0.027786627411842346,0.5707602500915527,0.4483264982700348,0.0012095589190721512,0.540475606918335,0.40872296690940857,-0.014356879517436028,0.5399605631828308,0.45011264085769653,-0.020559586584568024,0.55256187915802,0.47417357563972473,-0.02027030475437641,0.585932731628418,0.4348644018173218,-0.006761602126061916,0.5578526258468628,0.39602407813072205,-0.02004585601389408,0.5588558912277222,0.4404425024986267,-0.01735498383641243,0.5718660354614258,0.4638466238975525,-0.01102492306381464,0.6059815287590027,0.42585325241088867,-0.015812374651432037,0.5843588709831238,0.39289218187332153,-0.021590786054730415,0.5802038908004761,0.4238582253456116,-0.0164974145591259,0.5877663493156433,0.44714322686195374,-0.01031560730189085,Q
0.4180823564529419,0.6813710331916809,-3.333777420788664e-10,0.4543011486530304,0.6848040223121643,-0.005911034066230059,0.4830491840839386,0.678301990032196,-0.017491579055786133,0.5006264448165894,0.6675459146499634,-0.03130154684185982,0.4957878589630127,0.6530863046646118,-0.044656749814748764,0.4866788685321808,0.5749234557151794,-0.014819112606346607,0.4982219636440277,0.5294591188430786,-0.03131609037518501,0.5095303058624268,0.5132715106010437,-0.04094693064689636,0.517629861831665,0.5062874555587769,-0.046769630163908005,0.46642664074897766,0.5583100914955139,-0.021565303206443787,0.48461055755615234,0.6105133295059204,-0.039962660521268845,0.47523826360702515,0.6522254943847656,-0.04251858964562416,0.467521071434021,0.6534138917922974,-0.041529130190610886,0.4441557824611664,0.5634596943855286,-0.029364915564656258,0.45968931913375854,0.6314581632614136,-0.046515483409166336,0.45299312472343445,0.6585524082183838,-0.04249732941389084,0.446889191865921,0.6495813131332397,-0.03719160333275795,0.4227549731731415,0.5789801478385925,-0.03805381804704666,0.4356670081615448,0.630401074886322,-0.047363411635160446,0.434711754322052,0.6527310609817505,-0.04234996810555458,0.4299052059650421,0.646600604057312,-0.03685260936617851,Q
0.6264650821685791,0.5594630241394043,-2.5865145403258794e-07,0.5948461294174194,0.5630648732185364,-0.006319277919828892,0.5595173239707947,0.5517783164978027,-0.011775058694183826,0.5331463813781738,0.5468667149543762,-0.019857579842209816,0.5133025050163269,0.5340079665184021,-0.02660270221531391,0.5571181178092957,0.4686005711555481,0.0034547634422779083,0.5254243612289429,0.44134706258773804,-0.013522354885935783,0.5159348249435425,0.47309771180152893,-0.02565186098217964,0.5191376805305481,0.5012202262878418,-0.031091028824448586,0.5678295493125916,0.4504989683628082,-0.0009394072112627327,0.5368300080299377,0.41519734263420105,-0.01679702289402485,0.5388468503952026,0.4575059413909912,-0.02238878607749939,0.5517781376838684,0.47926613688468933,-0.021888980641961098,0.5833452343940735,0.43684571981430054,-0.008261841721832752,0.555025577545166,0.3973847031593323,-0.021977687254548073,0.5580401420593262,0.4423366189002991,-0.018510382622480392,0.5713398456573486,0.46602845191955566,-0.011765736155211926,0.6038630604743958,0.42682501673698425,-0.016785571351647377,0.5830804705619812,0.39382779598236084,-0.02354474738240242,0.579238772392273,0.42482060194015503,-0.018727904185652733,0.5861936211585999,0.4488222599029541,-0.012635468505322933,Q
0.4168262481689453,0.6822362542152405,1.727781651084115e-08,0.45336228609085083,0.6865190863609314,-0.008055771701037884,0.48311829566955566,0.6808295845985413,-0.021259814500808716,0.5004107356071472,0.6681029200553894,-0.036662351340055466,0.49509352445602417,0.6543528437614441,-0.05141722038388252,0.48616960644721985,0.5733799338340759,-0.01589670032262802,0.4981550872325897,0.5232385993003845,-0.0336870402097702,0.510448157787323,0.5150086283683777,-0.04406024515628815,0.5192512273788452,0.5179557204246521,-0.049914758652448654,0.4655299484729767,0.5580166578292847,-0.022054119035601616,0.48483651876449585,0.6068889498710632,-0.04072188585996628,0.47591403126716614,0.6493304967880249,-0.04376965016126633,0.46857985854148865,0.6494332551956177,-0.04310331866145134,0.4431394934654236,0.5634934902191162,-0.029575463384389877,0.459839403629303,0.6294604539871216,-0.04638911038637161,0.45388540625572205,0.6584441661834717,-0.04212356358766556,0.4482894837856293,0.6506490111351013,-0.03668314591050148,0.4216907322406769,0.5790066123008728,-0.03830307349562645,0.4352796971797943,0.6286406517028809,-0.0466134212911129,0.43554073572158813,0.6528365015983582,-0.04079816862940788,0.4317469894886017,0.6495547890663147,-0.03473983332514763,Q
0.6268564462661743,0.563101589679718,-2.6465485802873445e-07,0.5958291888237,0.5637713670730591,-0.005458451807498932,0.559880256652832,0.5500179529190063,-0.009852114133536816,0.5334280729293823,0.5453705787658691,-0.01701362431049347,0.5142980813980103,0.5335959792137146,-0.02268240973353386,0.56013423204422,0.46697691082954407,0.005216170568019152,0.5306224822998047,0.43167605996131897,-0.010948262177407742,0.5211551785469055,0.4628664255142212,-0.021739844232797623,0.5246279835700989,0.48977237939834595,-0.026195479556918144,0.5712425112724304,0.4502210021018982,0.0006163266953080893,0.5405718088150024,0.41208958625793457,-0.01520221121609211,0.5418209433555603,0.45716962218284607,-0.020131545141339302,0.5553399324417114,0.47898611426353455,-0.018814658746123314,0.5862282514572144,0.4371972382068634,-0.00704817334190011,0.5574051737785339,0.39660462737083435,-0.020811807364225388,0.5581241846084595,0.4420960247516632,-0.017447931692004204,0.5708890557289124,0.4647183120250702,-0.010479453951120377,0.6054016947746277,0.4272964894771576,-0.01580149307847023,0.5837291479110718,0.39248400926589966,-0.021954426541924477,0.5789006948471069,0.4242112636566162,-0.017137162387371063,0.5863340497016907,0.4478618800640106,-0.0110537800937891,Q
0.4165707528591156,0.6790186166763306,5.300751837467033e-09,0.45202717185020447,0.6840212941169739,-0.0068825483322143555,0.4808608293533325,0.6776564121246338,-0.01902349479496479,0.4986961781978607,0.6667520999908447,-0.03340453281998634,0.4978204667568207,0.6560026407241821,-0.04718432575464249,0.48554298281669617,0.5759112238883972,-0.014646407216787338,0.49766820669174194,0.5270035266876221,-0.03181258589029312,0.5092411041259766,0.5167887210845947,-0.041704095900058746,0.5166911482810974,0.5181989669799805,-0.04719774052500725,0.46574336290359497,0.5608853697776794,-0.02088876999914646,0.4849430322647095,0.6104158163070679,-0.03922262042760849,0.4757079482078552,0.6525377631187439,-0.04205759987235069,0.4677770435810089,0.6530807018280029,-0.041279301047325134,0.44383642077445984,0.5656919479370117,-0.028418755158782005,0.45972296595573425,0.6302439570426941,-0.045171383768320084,0.4529324173927307,0.6575312614440918,-0.04126635566353798,0.44649678468704224,0.6486706733703613,-0.036049339920282364,0.42242729663848877,0.579761266708374,-0.036949604749679565,0.43535110354423523,0.628813624382019,-0.045432623475790024,0.4350065290927887,0.6511639952659607,-0.04017975553870201,0.4304247200489044,0.6460633277893066,-0.03453681245446205,Q
0.6283356547355652,0.5602236986160278,-2.6621000870363787e-07,0.5958476066589355,0.5617837905883789,-0.005812501534819603,0.560050368309021,0.5495132207870483,-0.01132991909980774,0.5343666076660156,0.5455201268196106,-0.0195208340883255,0.5146997570991516,0.5338456034660339,-0.026468442752957344,0.5568369030952454,0.4675351083278656,0.003092781640589237,0.5251871347427368,0.4418484568595886,-0.013931340537965298,0.5151099562644958,0.4747084677219391,-0.026245729997754097,0.5176393389701843,0.5050275325775146,-0.03178437799215317,0.5678948163986206,0.44915691018104553,-0.0015342722181230783,0.5369484424591064,0.41715139150619507,-0.017104286700487137,0.5397226810455322,0.4597581923007965,-0.022711623460054398,0.5529775619506836,0.4802507162094116,-0.022386988624930382,0.5833567976951599,0.43512216210365295,-0.008971553295850754,0.5549652576446533,0.3998758792877197,-0.022089652717113495,0.5585418343544006,0.443605899810791,-0.01848006062209606,0.5718161463737488,0.46397310495376587,-0.011956567876040936,0.6035555005073547,0.4246906042098999,-0.01757081411778927,0.5816514492034912,0.3937460482120514,-0.023380624130368233,0.578784704208374,0.4250623285770416,-0.017731446772813797,0.5864731073379517,0.4467568099498749,-0.011302787810564041,Q
0.4195038974285126,0.68502277135849,-4.967785738330122e-09,0.45623061060905457,0.6880853176116943,-0.006029491312801838,0.4858596920967102,0.6808050870895386,-0.018077751621603966,0.502532958984375,0.668370246887207,-0.03261009603738785,0.49545520544052124,0.6526668071746826,-0.046487294137477875,0.4884178340435028,0.5757819414138794,-0.014952211640775204,0.4980466365814209,0.5253366827964783,-0.03426588326692581,0.5107734203338623,0.521037220954895,-0.045780736953020096,0.5194938778877258,0.5326062440872192,-0.05177684873342514,0.4676803648471832,0.5600841641426086,-0.02169099822640419,0.4840630888938904,0.6134442090988159,-0.041087910532951355,0.4751755893230438,0.6536551117897034,-0.04447801783680916,0.46778932213783264,0.6547049283981323,-0.04398777708411217,0.4449060261249542,0.5654867887496948,-0.02979107014834881,0.4591868817806244,0.6345071792602539,-0.047035396099090576,0.45253267884254456,0.6593956351280212,-0.04312833771109581,0.44668757915496826,0.6496462821960449,-0.037858907133340836,0.4230189025402069,0.5806484222412109,-0.03890732675790787,0.43501660227775574,0.6326048970222473,-0.04797666519880295,0.4343564808368683,0.653236448764801,-0.04288218915462494,0.4300985634326935,0.6461734175682068,-0.03709659352898598,Q
0.6267244219779968,0.5601252317428589,-2.6963979848915187e-07,0.5956012010574341,0.5636279582977295,-0.005240177270025015,0.5594462752342224,0.5511894226074219,-0.010125793516635895,0.5335052013397217,0.5471674799919128,-0.017705438658595085,0.5133960843086243,0.537039577960968,-0.023933978751301765,0.5590034127235413,0.465972363948822,0.003028887789696455,0.5277684330940247,0.44007042050361633,-0.013053428381681442,0.518592119216919,0.4738346338272095,-0.02442885749042034,0.522527813911438,0.5033441185951233,-0.029462475329637527,0.5696172714233398,0.44895485043525696,-0.0015388705069199204,0.5389468669891357,0.41881075501441956,-0.01625707745552063,0.5421521663665771,0.46068868041038513,-0.021008238196372986,0.5563322305679321,0.4800129234790802,-0.020452450960874557,0.5846578478813171,0.4363098442554474,-0.008816994726657867,0.5563226342201233,0.40085023641586304,-0.021190645173192024,0.5602040886878967,0.44485828280448914,-0.01714874617755413,0.5740953087806702,0.46630311012268066,-0.0106718260794878,0.6041890382766724,0.4270254373550415,-0.01723497360944748,0.5830715298652649,0.3937048017978668,-0.023238997906446457,0.5791328549385071,0.4241693615913391,-0.01816204935312271,0.5861590504646301,0.447867214679718,-0.012169822119176388,Q
0.4171363413333893,0.6806141138076782,8.358449932188705e-09,0.45308932662010193,0.6831905245780945,-0.006572639103978872,0.4823759198188782,0.6756669282913208,-0.018889684230089188,0.4992524981498718,0.6648374199867249,-0.03369496017694473,0.49666649103164673,0.655383825302124,-0.04788864031434059,0.48596224188804626,0.5769945383071899,-0.014470004476606846,0.4977898597717285,0.528822124004364,-0.0325138233602047,0.5103698968887329,0.5210261344909668,-0.04321163892745972,0.5190654397010803,0.5283666253089905,-0.048868328332901,0.4659973978996277,0.5626696944236755,-0.020649991929531097,0.48313263058662415,0.6175987124443054,-0.039080966264009476,0.473402738571167,0.6525009274482727,-0.04251642897725105,0.46629849076271057,0.6489771008491516,-0.04221585765480995,0.4445229172706604,0.5674246549606323,-0.02815335802733898,0.4595119059085846,0.6363525986671448,-0.04459686949849129,0.4521597623825073,0.6581409573554993,-0.04128831624984741,0.4467388689517975,0.646930456161499,-0.036593247205019,0.42376410961151123,0.5806414484977722,-0.03672950714826584,0.43676257133483887,0.6331866383552551,-0.04515170678496361,0.4351434111595154,0.6532235145568848,-0.04035354405641556,0.43092024326324463,0.6470726728439331,-0.034923356026411057,Q
0.6257983446121216,0.5617449283599854,-2.6322442181481165e-07,0.5942209362983704,0.5633819699287415,-0.005559790413826704,0.558530330657959,0.5521345138549805,-0.010627895593643188,0.5326845645904541,0.5492163300514221,-0.018301350995898247,0.5139381885528564,0.5362045764923096,-0.024661080911755562,0.5567891597747803,0.46703416109085083,0.003969812765717506,0.5266642570495605,0.4401420056819916,-0.012533006258308887,0.5172598361968994,0.4744594395160675,-0.02444038726389408,0.5208110809326172,0.5045706033706665,-0.029830994084477425,0.5677133202552795,0.4504236876964569,-0.00037824330502189696,0.539121687412262,0.4174443483352661,-0.01572790928184986,0.5428522229194641,0.4594689905643463,-0.02101549506187439,0.55671626329422,0.47904062271118164,-0.020475536584854126,0.582817018032074,0.4378584623336792,-0.007565592415630817,0.5559499263763428,0.402660608291626,-0.020149368792772293,0.5595350861549377,0.44559168815612793,-0.0161307193338871,0.5725922584533691,0.4654402732849121,-0.009490898810327053,0.6027669906616211,0.42879241704940796,-0.015955543145537376,0.582075834274292,0.39670753479003906,-0.02152962237596512,0.5797637104988098,0.42785778641700745,-0.015857139602303505,0.5876190662384033,0.44992974400520325,-0.009454539977014065,Q
0.4122234880924225,0.673204779624939,1.4312972140828606e-08,0.4525764286518097,0.6780633926391602,-0.003135283477604389,0.4827234447002411,0.6711723804473877,-0.014052997343242168,0.501416027545929,0.664216935634613,-0.027820449322462082,0.500150203704834,0.6553646326065063,-0.0412127822637558,0.4866948127746582,0.5701259970664978,-0.01133710891008377,0.4995667636394501,0.5306087732315063,-0.02864714525640011,0.513641357421875,0.5242236852645874,-0.04003368318080902,0.5227193236351013,0.5309746265411377,-0.046919576823711395,0.46814030408859253,0.5580461025238037,-0.020060770213603973,0.4901767671108246,0.6175393462181091,-0.038657378405332565,0.47862905263900757,0.6501809358596802,-0.04324105381965637,0.4682311713695526,0.6472931504249573,-0.04421517997980118,0.446499228477478,0.5657177567481995,-0.029768263921141624,0.4649691581726074,0.6378974914550781,-0.04715832695364952,0.45572859048843384,0.6578079462051392,-0.04471750184893608,0.44824841618537903,0.6449464559555054,-0.04074408486485481,0.4254229962825775,0.582600474357605,-0.04007736220955849,0.44110995531082153,0.6370717287063599,-0.04909057915210724,0.4373047947883606,0.6530622243881226,-0.044409219175577164,0.4308629631996155,0.6414420008659363,-0.039529409259557724,Q
0.6260766983032227,0.5662645697593689,-2.476267582096625e-07,0.5953927040100098,0.5668125152587891,-0.005591407883912325,0.5598666667938232,0.5538127422332764,-0.010335396975278854,0.5331884622573853,0.5511287450790405,-0.01767250895500183,0.5130147337913513,0.542253315448761,-0.023785622790455818,0.5603171586990356,0.4735674560070038,0.004500153008848429,0.5307341814041138,0.4472687244415283,-0.0110951391980052,0.5204948782920837,0.47889500856399536,-0.02236844040453434,0.5237650871276855,0.5061262845993042,-0.027529161423444748,0.5706196427345276,0.4566786289215088,0.00017909813323058188,0.5415067076683044,0.4212307631969452,-0.014473581686615944,0.5419055223464966,0.4620038866996765,-0.01975702866911888,0.5548794269561768,0.48263758420944214,-0.019399721175432205,0.585331380367279,0.44430896639823914,-0.007002843078225851,0.5577341914176941,0.40560105443000793,-0.019087405875325203,0.557664155960083,0.4471117854118347,-0.016003442928195,0.5697214603424072,0.46786871552467346,-0.010103865526616573,0.6043969392776489,0.43522143363952637,-0.015381859615445137,0.5835724472999573,0.40165209770202637,-0.020683547481894493,0.578103244304657,0.4300423562526703,-0.01606566645205021,0.5844075083732605,0.45181965827941895,-0.01061570830643177,Q
0.41233566403388977,0.6700522899627686,1.1547755640606283e-08,0.44984814524650574,0.6744691729545593,-0.0038424108643084764,0.4777548015117645,0.6683440208435059,-0.014899577014148235,0.49510568380355835,0.663702666759491,-0.028656234964728355,0.49890273809432983,0.6557486057281494,-0.04185223951935768,0.4856588542461395,0.5671525001525879,-0.01364082284271717,0.5019577145576477,0.5285437107086182,-0.03280241787433624,0.5150023102760315,0.5285835266113281,-0.04568484425544739,0.5223239660263062,0.5410402417182922,-0.053193338215351105,0.46715980768203735,0.5564457774162292,-0.021932898089289665,0.489579975605011,0.6165586709976196,-0.04111727699637413,0.47926223278045654,0.6466416716575623,-0.04670318216085434,0.46918901801109314,0.6435444951057434,-0.048728909343481064,0.4455873668193817,0.5649929046630859,-0.031331147998571396,0.4640067219734192,0.6387720704078674,-0.048293933272361755,0.45535141229629517,0.6560297608375549,-0.04621615633368492,0.44831910729408264,0.6426599621772766,-0.042916711419820786,0.4243011772632599,0.5823183059692383,-0.0415055938065052,0.4404764771461487,0.6377406120300293,-0.05061335116624832,0.4364936351776123,0.6524139642715454,-0.0463608019053936,0.43011364340782166,0.640735924243927,-0.04182541370391846,Q
0.6279488801956177,0.5630103945732117,-2.4671291498634673e-07,0.5960567593574524,0.5663744211196899,-0.005075976252555847,0.5597323775291443,0.5536901354789734,-0.009283463470637798,0.5337590575218201,0.5500314235687256,-0.016169201582670212,0.5137698650360107,0.5422751307487488,-0.021747572347521782,0.5568709373474121,0.4722473919391632,0.005480460822582245,0.5270904302597046,0.4448244571685791,-0.009753648191690445,0.5172694325447083,0.47663599252700806,-0.020720316097140312,0.5209284424781799,0.5051190257072449,-0.025561390444636345,0.5674793124198914,0.455262690782547,0.0008682146435603499,0.5389623641967773,0.4198579788208008,-0.013553288765251637,0.5408975481987,0.46125563979148865,-0.01862458884716034,0.5541614294052124,0.4830251634120941,-0.017893215641379356,0.582721471786499,0.442493736743927,-0.006515287794172764,0.5562198162078857,0.407233327627182,-0.018602386116981506,0.5595744252204895,0.4500253200531006,-0.015115750953555107,0.5728590488433838,0.47090819478034973,-0.008785933256149292,0.6025454998016357,0.4329526126384735,-0.015035509131848812,0.5821049213409424,0.4025024473667145,-0.020298205316066742,0.5795144438743591,0.43323808908462524,-0.01504101324826479,0.5872519016265869,0.45544058084487915,-0.008998123928904533,Q
0.41071540117263794,0.6723411083221436,6.609144787006471e-09,0.45057982206344604,0.6770001649856567,-0.002609269693493843,0.4799424111843109,0.6708707809448242,-0.01376439444720745,0.49832600355148315,0.6669764518737793,-0.027779439464211464,0.4986319839954376,0.657249927520752,-0.0414811410009861,0.4862452745437622,0.5716555714607239,-0.013858881779015064,0.500615119934082,0.5309816002845764,-0.03225899115204811,0.5147792100906372,0.5267096161842346,-0.04426148533821106,0.5228725075721741,0.5364573001861572,-0.0513199083507061,0.46776583790779114,0.5602526068687439,-0.02290622517466545,0.49015408754348755,0.6219556331634521,-0.04185860604047775,0.4791938364505768,0.654140830039978,-0.0467938669025898,0.46896976232528687,0.6508896350860596,-0.04833732917904854,0.4459664523601532,0.5686101317405701,-0.032739169895648956,0.4647476077079773,0.6431183218955994,-0.050089601427316666,0.4554555416107178,0.6623372435569763,-0.047626055777072906,0.4480752944946289,0.6487443447113037,-0.044011447578668594,0.4243004322052002,0.5859721899032593,-0.0431077741086483,0.4403671324253082,0.6424800157546997,-0.052473921328783035,0.4359341561794281,0.6584374308586121,-0.047792430967092514,0.429015576839447,0.6465380787849426,-0.04299524426460266,Q
0.628579318523407,0.5688745975494385,-2.636811018419394e-07,0.5951544642448425,0.5701929926872253,-0.003803157713264227,0.5592592358589172,0.5568825006484985,-0.008101057261228561,0.5339195132255554,0.5549262762069702,-0.015462893061339855,0.5156562328338623,0.5448740720748901,-0.021685177460312843,0.559289813041687,0.47687917947769165,0.0051200813613832,0.5269775390625,0.44647520780563354,-0.011506660841405392,0.5173780918121338,0.47750380635261536,-0.02375682257115841,0.5210091471672058,0.5093457102775574,-0.02913803793489933,0.5701740980148315,0.46086010336875916,3.2497250685992185e-06,0.5394163727760315,0.4279882609844208,-0.015359019860625267,0.5424272418022156,0.4690867066383362,-0.021052539348602295,0.5561467409133911,0.4915245473384857,-0.020676465705037117,0.5852814316749573,0.44816362857818604,-0.007822931744158268,0.5554900169372559,0.4109889268875122,-0.020052196457982063,0.5588201284408569,0.4543580114841461,-0.016288936138153076,0.572106122970581,0.4770765006542206,-0.009681979194283485,0.6049650311470032,0.4389282763004303,-0.01671849749982357,0.5829577445983887,0.40711209177970886,-0.022014856338500977,0.5797338485717773,0.4381777346134186,-0.016497550532221794,0.5871387720108032,0.4610643982887268,-0.010137367062270641,Q
0.4098837077617645,0.6719433665275574,-2.2674765176589062e-08,0.4515683948993683,0.6729902029037476,0.0003194508608430624,0.48342663049697876,0.6647080183029175,-0.008964291773736477,0.502868115901947,0.6611668467521667,-0.02167622186243534,0.4992123246192932,0.658847451210022,-0.03407864645123482,0.48603805899620056,0.5691272616386414,-0.010420025326311588,0.5007508397102356,0.5313906669616699,-0.027517471462488174,0.5133197903633118,0.5337074995040894,-0.03808186203241348,0.5195432305335999,0.5507954359054565,-0.04389167204499245,0.46758368611335754,0.5585031509399414,-0.020537937059998512,0.49030235409736633,0.6234431266784668,-0.03779594227671623,0.4791952669620514,0.6546832919120789,-0.0415324941277504,0.4688106179237366,0.6506392359733582,-0.04222259670495987,0.4455258250236511,0.5678762793540955,-0.03129010275006294,0.46520718932151794,0.6449726223945618,-0.04718271642923355,0.4557628631591797,0.6630910038948059,-0.04435407370328903,0.44841787219047546,0.6491562724113464,-0.04040558263659477,0.42413514852523804,0.5863760709762573,-0.042397819459438324,0.4406972825527191,0.642844021320343,-0.050454381853342056,0.43678605556488037,0.657992959022522,-0.04544244706630707,0.4304545521736145,0.6469337940216064,-0.04031284525990486,Q
0.62739098072052,0.5636454820632935,-2.4027727363318263e-07,0.5967769026756287,0.5661394000053406,-0.00565121416002512,0.5606150031089783,0.556042492389679,-0.010689416900277138,0.5343643426895142,0.5545316338539124,-0.01820766180753708,0.51502525806427,0.545734703540802,-0.024548189714550972,0.5596022605895996,0.47336483001708984,0.003651064820587635,0.530457615852356,0.4433472156524658,-0.012215678580105305,0.5205527544021606,0.47367796301841736,-0.023522764444351196,0.5230500102043152,0.5019176006317139,-0.02861289493739605,0.570186972618103,0.4573627710342407,-0.0007778187282383442,0.5411046147346497,0.42224642634391785,-0.015812112018465996,0.5419279932975769,0.46312931180000305,-0.021175283938646317,0.5540268421173096,0.484377920627594,-0.020794128999114037,0.58510422706604,0.4450611174106598,-0.008037431165575981,0.5575136542320251,0.4100240170955658,-0.021134058013558388,0.5603368282318115,0.4525385797023773,-0.01802758499979973,0.5731651782989502,0.473185271024704,-0.011857522651553154,0.6045729517936707,0.43544209003448486,-0.016371209174394608,0.5830979943275452,0.40515369176864624,-0.022655582055449486,0.5805718302726746,0.4358382225036621,-0.017812320962548256,0.5883356332778931,0.4574430584907532,-0.011970169842243195,Q
0.40928298234939575,0.6739581227302551,2.6702882127693783e-09,0.4491645395755768,0.6747461557388306,-0.0025911054108291864,0.4790610373020172,0.6662870049476624,-0.012736495584249496,0.49837756156921387,0.664230465888977,-0.025718171149492264,0.5003097057342529,0.6573328971862793,-0.0383865088224411,0.4843539297580719,0.564105212688446,-0.01136134471744299,0.5013904571533203,0.5342699289321899,-0.02806016430258751,0.5152804255485535,0.5271753072738647,-0.04018498584628105,0.5242617130279541,0.5306053757667542,-0.048146624118089676,0.46613025665283203,0.555597186088562,-0.02004416100680828,0.4899832010269165,0.6263831853866577,-0.03783451393246651,0.4795309901237488,0.6559555530548096,-0.04328623414039612,0.46982210874557495,0.6513121128082275,-0.0457574762403965,0.4449853301048279,0.5674715638160706,-0.029540270566940308,0.46561893820762634,0.6457846164703369,-0.04529518261551857,0.45731666684150696,0.6627646684646606,-0.04299911484122276,0.4502255618572235,0.6498417258262634,-0.04001317918300629,0.42463818192481995,0.5877875089645386,-0.03985787183046341,0.44301509857177734,0.6466033458709717,-0.04850073158740997,0.43963390588760376,0.6613764762878418,-0.04444114863872528,0.4335208833217621,0.6514196395874023,-0.0403413288295269,Q
0.6284716725349426,0.564989447593689,-2.618396592879435e-07,0.595814049243927,0.5677890777587891,-0.004385663196444511,0.5601049661636353,0.5548514127731323,-0.009146323427557945,0.534206211566925,0.552142322063446,-0.016869718208909035,0.5136759281158447,0.5443845987319946,-0.023450244218111038,0.5586814284324646,0.4773828387260437,0.0032883244566619396,0.5258329510688782,0.45044147968292236,-0.014421789906919003,0.5167161226272583,0.48399049043655396,-0.027209466323256493,0.5204617977142334,0.515996515750885,-0.032778289169073105,0.5697025060653687,0.4608851969242096,-0.001718855812214315,0.538580596446991,0.4264105260372162,-0.01752534881234169,0.5418534874916077,0.4670886993408203,-0.023183900862932205,0.5551994442939758,0.4881112277507782,-0.022815627977252007,0.5852634906768799,0.44750386476516724,-0.0094010503962636,0.5556482672691345,0.4097210168838501,-0.022079981863498688,0.5602148175239563,0.4522290825843811,-0.01813500002026558,0.5736430287361145,0.4730888307094574,-0.011424023658037186,0.605647087097168,0.4369205832481384,-0.01816062442958355,0.5839438438415527,0.40440458059310913,-0.023875189945101738,0.5807085037231445,0.4344663619995117,-0.01838020794093609,0.587687075138092,0.45641791820526123,-0.012036819942295551,Q
0.4108724296092987,0.6684564352035522,1.1245852249430754e-08,0.4515671730041504,0.6744351387023926,-0.003280317410826683,0.4828694760799408,0.6696904301643372,-0.013467620126903057,0.5020027160644531,0.6668583750724792,-0.026291318237781525,0.5007570385932922,0.6577675938606262,-0.03878339007496834,0.48668500781059265,0.5688340663909912,-0.011170323006808758,0.5018898844718933,0.5374795198440552,-0.028683429583907127,0.5156972408294678,0.5313839316368103,-0.04088500514626503,0.524258553981781,0.5371232032775879,-0.04840479791164398,0.46863603591918945,0.557418704032898,-0.01969665288925171,0.4913768172264099,0.6231623888015747,-0.03782954066991806,0.4797724485397339,0.6504092812538147,-0.043106984347105026,0.46939072012901306,0.6437646746635437,-0.04504622519016266,0.44696182012557983,0.5663997530937195,-0.02920970506966114,0.4657875895500183,0.642515242099762,-0.04575040191411972,0.4558687210083008,0.6569833159446716,-0.04383138194680214,0.4484940469264984,0.6409579515457153,-0.04073162376880646,0.4256337881088257,0.5848429799079895,-0.03946204483509064,0.44137662649154663,0.6428504586219788,-0.048496637493371964,0.4362366199493408,0.6548842191696167,-0.044518083333969116,0.42926323413848877,0.6406244039535522,-0.04033185914158821,Q
0.6314405202865601,0.5664876699447632,-2.782232684239716e-07,0.5996142029762268,0.5697010159492493,-0.004420481156557798,0.5627092719078064,0.5560935735702515,-0.009133964776992798,0.5362977981567383,0.5535948276519775,-0.016788965091109276,0.5155561566352844,0.5458022356033325,-0.02321680262684822,0.5606406331062317,0.4737727642059326,0.004635566379874945,0.527689516544342,0.447090744972229,-0.012205584906041622,0.5183354616165161,0.4811278283596039,-0.02441301941871643,0.5221015810966492,0.5145803689956665,-0.029781755059957504,0.5713477730751038,0.4578034579753876,-0.00017044910055119544,0.5409080386161804,0.43002575635910034,-0.01564738154411316,0.5469949245452881,0.4720257818698883,-0.02098771743476391,0.5619996786117554,0.49132034182548523,-0.020475663244724274,0.5864709615707397,0.44482412934303284,-0.007717672269791365,0.5571087002754211,0.4127981662750244,-0.020256798714399338,0.5634965896606445,0.45692238211631775,-0.01566655933856964,0.577610194683075,0.4766744077205658,-0.008688957430422306,0.6065548062324524,0.43471279740333557,-0.01637447439134121,0.5847615599632263,0.40539318323135376,-0.021990599110722542,0.5837079286575317,0.4367351830005646,-0.015942761674523354,0.5919561386108398,0.45701491832733154,-0.00924692489206791,Q
0.41163933277130127,0.6701381802558899,6.215825631983307e-09,0.4510355293750763,0.6733740568161011,-0.002512858249247074,0.4808710813522339,0.666541576385498,-0.012303139083087444,0.5000003576278687,0.6622980833053589,-0.024915184825658798,0.5017974376678467,0.6572144627571106,-0.037109099328517914,0.4864402711391449,0.5700570344924927,-0.011107307858765125,0.5013449192047119,0.5335534811019897,-0.027876846492290497,0.5153093338012695,0.5275710225105286,-0.039285313338041306,0.5249074697494507,0.5340309143066406,-0.046415623277425766,0.4685194492340088,0.5595017075538635,-0.01963094063103199,0.49102121591567993,0.62322598695755,-0.038015782833099365,0.47917211055755615,0.6505074501037598,-0.043020863085985184,0.46844640374183655,0.6457904577255249,-0.04463549330830574,0.4474501311779022,0.5675734281539917,-0.029013877734541893,0.46599018573760986,0.6432570219039917,-0.0453161858022213,0.45608842372894287,0.656964123249054,-0.04340926557779312,0.4484259784221649,0.6420515179634094,-0.04029645025730133,0.4266609251499176,0.584216296672821,-0.039070528000593185,0.442443311214447,0.6418125629425049,-0.047727398574352264,0.43701088428497314,0.6530019044876099,-0.044058479368686676,0.4297850430011749,0.6385453343391418,-0.04014800861477852,Q
0.632299542427063,0.5646751523017883,-2.636760711993702e-07,0.5997573137283325,0.5681922435760498,-0.004790855571627617,0.562745213508606,0.5558413863182068,-0.009464198723435402,0.5362167954444885,0.5542410612106323,-0.016871487721800804,0.5172297954559326,0.5437025427818298,-0.02297607623040676,0.5604186654090881,0.4723277986049652,0.004805973265320063,0.5299969911575317,0.44388508796691895,-0.01156358327716589,0.5206247568130493,0.4749048352241516,-0.023652534931898117,0.5240312814712524,0.5060338377952576,-0.02909821830689907,0.5717514157295227,0.45547303557395935,0.00019904087821487337,0.5427553057670593,0.42513811588287354,-0.015116863884031773,0.547123372554779,0.4673464596271515,-0.020683879032731056,0.5611958503723145,0.48934313654899597,-0.020198844373226166,0.5873571634292603,0.44216296076774597,-0.0071710445918142796,0.5591589212417603,0.41045862436294556,-0.019246194511651993,0.563478946685791,0.4525318145751953,-0.015467396937310696,0.5767949223518372,0.4727938771247864,-0.008988688699901104,0.6073974370956421,0.4321773946285248,-0.015693318098783493,0.5852004885673523,0.4033907353878021,-0.0209113247692585,0.5826823115348816,0.434617280960083,-0.015366275794804096,0.590453028678894,0.45653536915779114,-0.009018472395837307,Q
0.4130377173423767,0.66657555103302,1.4862070685239814e-08,0.4536954164505005,0.6705605983734131,-0.0023312480188906193,0.4840073883533478,0.6649488210678101,-0.012086736038327217,0.5031654238700867,0.6633812785148621,-0.02457943558692932,0.5029044151306152,0.6573909521102905,-0.03677063807845116,0.48920610547065735,0.5662918090820312,-0.010830813087522984,0.5035028457641602,0.5305850505828857,-0.026845116168260574,0.5168584585189819,0.5192279815673828,-0.03811020404100418,0.5254481434822083,0.5189686417579651,-0.04540705308318138,0.47082972526550293,0.5562766790390015,-0.01967620849609375,0.4938654899597168,0.6211609840393066,-0.03717859461903572,0.4838290214538574,0.649358332157135,-0.04216654598712921,0.47368037700653076,0.6460615992546082,-0.04395453259348869,0.44911739230155945,0.5659317970275879,-0.02928389422595501,0.4679051339626312,0.6433073282241821,-0.04519837722182274,0.459380179643631,0.6589128375053406,-0.043240610510110855,0.45244866609573364,0.6453730463981628,-0.04007529839873314,0.42820465564727783,0.5846632122993469,-0.03956367447972298,0.4444866478443146,0.6430407762527466,-0.047903046011924744,0.4406226575374603,0.6553335189819336,-0.04388297349214554,0.4344434440135956,0.6425300240516663,-0.03976447135210037,Q
0.6324232816696167,0.5615605711936951,-2.4183299274227466e-07,0.600344181060791,0.5660232305526733,-0.004906782414764166,0.5640529990196228,0.5550659894943237,-0.009350474923849106,0.5374033451080322,0.5529311895370483,-0.016493873670697212,0.5167524218559265,0.547654926776886,-0.02251228503882885,0.5624262094497681,0.47769710421562195,0.003811199450865388,0.5302690267562866,0.4477138817310333,-0.011811903677880764,0.5209242105484009,0.47687816619873047,-0.022773491218686104,0.5254949927330017,0.5053198933601379,-0.027401389554142952,0.5731722712516785,0.460033118724823,-0.0006667884299531579,0.5427917242050171,0.42643576860427856,-0.015380090102553368,0.5448246002197266,0.4659137427806854,-0.02056584507226944,0.5580343008041382,0.4870295524597168,-0.019984543323516846,0.5882472991943359,0.4453691840171814,-0.0078114112839102745,0.5604872107505798,0.40931203961372375,-0.020039152354002,0.563736617565155,0.45022857189178467,-0.016990790143609047,0.5768130421638489,0.4713444113731384,-0.010971312411129475,0.6077694296836853,0.4327319264411926,-0.01598425582051277,0.5861653685569763,0.4019222855567932,-0.021375155076384544,0.58327716588974,0.4317813217639923,-0.016489995643496513,0.5909152626991272,0.45374730229377747,-0.010720403864979744,Q
0.4136800169944763,0.671802818775177,-8.004898077729194e-09,0.45297783613204956,0.6762822270393372,-0.0013926461106166244,0.4831564426422119,0.6698541641235352,-0.011327393352985382,0.5026290416717529,0.6666121482849121,-0.024472199380397797,0.5030863285064697,0.6590617895126343,-0.03729022666811943,0.4889320731163025,0.5710650682449341,-0.011516226455569267,0.5051558613777161,0.5334287881851196,-0.029009144753217697,0.5189836621284485,0.5301635265350342,-0.0401492603123188,0.5271890759468079,0.5408905148506165,-0.04657946154475212,0.4707818031311035,0.5601949095726013,-0.020709246397018433,0.4931146204471588,0.6248493194580078,-0.0388064831495285,0.4811711311340332,0.6537342667579651,-0.04305892810225487,0.4706842005252838,0.6476262807846069,-0.04414782300591469,0.449233740568161,0.5684792399406433,-0.030709220096468925,0.46859973669052124,0.6429238319396973,-0.047529496252536774,0.45836973190307617,0.659525990486145,-0.04509841650724411,0.4503038823604584,0.645302414894104,-0.04144984856247902,0.4278787672519684,0.5853953957557678,-0.041181955486536026,0.4449636936187744,0.6406232714653015,-0.05030856281518936,0.4402000606060028,0.6545997262001038,-0.0459514744579792,0.4328586459159851,0.6426439881324768,-0.041293155401945114,Q
0.6339073181152344,0.5645764470100403,-2.5594511043891544e-07,0.6015858054161072,0.5668467283248901,-0.004689316265285015,0.5650405883789062,0.555026113986969,-0.00932485144585371,0.5387617349624634,0.5530339479446411,-0.016602657735347748,0.518829345703125,0.5468490123748779,-0.022774038836359978,0.562950849533081,0.47532156109809875,0.003986467141658068,0.5316389203071594,0.44738712906837463,-0.012320751324295998,0.5219746232032776,0.4793888032436371,-0.024043401703238487,0.5253743529319763,0.5096985697746277,-0.029282335191965103,0.5741599202156067,0.4580765664577484,-0.0007836986915208399,0.5444386005401611,0.42662402987480164,-0.015833990648388863,0.5476412177085876,0.4682099223136902,-0.02121489681303501,0.5613719820976257,0.4882148504257202,-0.020873092114925385,0.5895737409591675,0.4450714886188507,-0.008252701722085476,0.5618138909339905,0.41085314750671387,-0.020795214921236038,0.5654765963554382,0.453844279050827,-0.017028991132974625,0.5783628821372986,0.4735637605190277,-0.010649426840245724,0.6093984246253967,0.43557748198509216,-0.01675913855433464,0.5879753828048706,0.40563642978668213,-0.022400444373488426,0.5859944820404053,0.43680471181869507,-0.01682800054550171,0.5938986539840698,0.45746496319770813,-0.010611067526042461,Q
0.4130820631980896,0.671893298625946,1.3878109772491598e-09,0.4527474045753479,0.6744186878204346,-0.002309472067281604,0.4820898771286011,0.6658512353897095,-0.012821674346923828,0.5006961226463318,0.6624497175216675,-0.026357615366578102,0.5039083361625671,0.6586143970489502,-0.03936196118593216,0.4898996651172638,0.5671976804733276,-0.01217617653310299,0.505254328250885,0.5277968645095825,-0.03006792813539505,0.5203143954277039,0.5261092782020569,-0.041274890303611755,0.5284692049026489,0.5410772562026978,-0.04749136418104172,0.4717717468738556,0.5571677684783936,-0.02114035189151764,0.49405547976493835,0.6220387816429138,-0.03950357809662819,0.4823378324508667,0.6508148908615112,-0.04390198737382889,0.4716320335865021,0.6445995569229126,-0.04496137052774429,0.4502583146095276,0.5670653581619263,-0.03103136084973812,0.4695073664188385,0.6438758969306946,-0.04761882126331329,0.45994019508361816,0.6606418490409851,-0.045021768659353256,0.4526542127132416,0.6461971998214722,-0.04128575697541237,0.42858409881591797,0.5860689878463745,-0.04156734421849251,0.4456079602241516,0.644864022731781,-0.050327833741903305,0.4407182037830353,0.6595010757446289,-0.04570361599326134,0.43382325768470764,0.6475732326507568,-0.04080059379339218,Q
0.6335484385490417,0.5656842589378357,-2.7856199835696316e-07,0.6009513735771179,0.5691302418708801,-0.0041707968339324,0.5639363527297974,0.5572288036346436,-0.008724275976419449,0.5378755927085876,0.5543429255485535,-0.016037674620747566,0.5193236470222473,0.5432767271995544,-0.02202138490974903,0.5618850588798523,0.47528985142707825,0.004000216256827116,0.5306092500686646,0.44545358419418335,-0.012741982005536556,0.5215290188789368,0.47864726185798645,-0.024698356166481972,0.5260164737701416,0.5117133855819702,-0.02991597354412079,0.5735036134719849,0.4592498242855072,-0.0007708867779001594,0.5437201261520386,0.4320219159126282,-0.016134042292833328,0.5496448278427124,0.4740556478500366,-0.02104766294360161,0.5646355748176575,0.49290695786476135,-0.020183579996228218,0.5892363786697388,0.4458358585834503,-0.008236444555222988,0.5612634420394897,0.41613173484802246,-0.02035626582801342,0.567465603351593,0.4582327902317047,-0.015522223897278309,0.5812590718269348,0.4763927757740021,-0.008457690477371216,0.6095709204673767,0.43542179465293884,-0.01679881289601326,0.5875735282897949,0.40789633989334106,-0.02194622904062271,0.5868625044822693,0.4399188458919525,-0.015575739555060863,0.5951600670814514,0.4603674113750458,-0.008696947246789932,Q
0.41167062520980835,0.6701048612594604,1.1822035794750718e-08,0.45162826776504517,0.6744025945663452,-0.004440593533217907,0.481392502784729,0.6689593195915222,-0.015288989059627056,0.500282883644104,0.6676464080810547,-0.028747443109750748,0.5026764869689941,0.65888512134552,-0.0416460745036602,0.48819395899772644,0.5656154751777649,-0.011465606279671192,0.5034484267234802,0.536370038986206,-0.028429867699742317,0.5175719261169434,0.5265095829963684,-0.04033100605010986,0.5265939831733704,0.5282394886016846,-0.0479130782186985,0.4704091250896454,0.5558961629867554,-0.01932753622531891,0.492298424243927,0.6268592476844788,-0.037290893495082855,0.4802725613117218,0.6505637764930725,-0.04257440194487572,0.4703497886657715,0.6403076648712158,-0.044692229479551315,0.4493456184864044,0.5659758448600769,-0.02831011638045311,0.4676913917064667,0.6442696452140808,-0.04482961818575859,0.4579032361507416,0.6565544009208679,-0.04310868680477142,0.4503750503063202,0.6393635869026184,-0.040248263627290726,0.42833417654037476,0.5847272872924805,-0.03819509968161583,0.4441276788711548,0.6433960199356079,-0.047821108251810074,0.439034104347229,0.6534271240234375,-0.044642429798841476,0.43204060196876526,0.6383089423179626,-0.04094919189810753,Q
0.6348069906234741,0.5667302012443542,-2.64182347109454e-07,0.6013843417167664,0.5689521431922913,-0.004290579818189144,0.5654582977294922,0.5572149157524109,-0.009682108648121357,0.5393370985984802,0.5553520917892456,-0.01799195073544979,0.5187708735466003,0.5461795330047607,-0.02516411803662777,0.5631951689720154,0.4761144518852234,0.004097970202565193,0.532184362411499,0.44589513540267944,-0.01339728757739067,0.5221266150474548,0.4774261713027954,-0.02571277692914009,0.5250058174133301,0.5094918012619019,-0.03116547502577305,0.5743721723556519,0.4599796533584595,-0.0011935171205550432,0.5435541868209839,0.43315011262893677,-0.01699160225689411,0.5501160621643066,0.4754828214645386,-0.021782275289297104,0.5648511648178101,0.4919929504394531,-0.020913319662213326,0.5897176265716553,0.44646358489990234,-0.009338061325252056,0.5600927472114563,0.41691410541534424,-0.02231607772409916,0.5669466257095337,0.4603300094604492,-0.01681981235742569,0.5807774066925049,0.47679388523101807,-0.009276472963392735,0.6099787950515747,0.4358351230621338,-0.01859227754175663,0.586607813835144,0.40950751304626465,-0.024250062182545662,0.5867447257041931,0.4426027834415436,-0.01725607179105282,0.59575355052948,0.46153709292411804,-0.009955184534192085,Q
0.41218504309654236,0.6719551086425781,-9.343139595330285e-09,0.4523427486419678,0.6783966422080994,-0.0031716281082481146,0.4822658896446228,0.6730930805206299,-0.013943498022854328,0.5010942816734314,0.6693992614746094,-0.02751094289124012,0.5033462047576904,0.6595523357391357,-0.040454667061567307,0.4899560809135437,0.570160984992981,-0.01269066333770752,0.5049187541007996,0.5315795540809631,-0.030887935310602188,0.5184721946716309,0.528622031211853,-0.042717643082141876,0.5256059765815735,0.5408362150192261,-0.049466922879219055,0.4720573127269745,0.5591431260108948,-0.02117217890918255,0.4936908483505249,0.626614511013031,-0.03975516930222511,0.4808904826641083,0.6537647247314453,-0.044793009757995605,0.4699799716472626,0.6467660665512085,-0.04642689228057861,0.45041099190711975,0.5683622360229492,-0.03059648722410202,0.4689962863922119,0.6460336446762085,-0.04731292650103569,0.4581433832645416,0.6611737608909607,-0.044853825122117996,0.44999411702156067,0.6463788151741028,-0.04133029654622078,0.4287194609642029,0.586733877658844,-0.04072778671979904,0.44482606649398804,0.6463266015052795,-0.050001710653305054,0.4396189749240875,0.6592329740524292,-0.04576928913593292,0.43267539143562317,0.6457324624061584,-0.04115420952439308,Q
0.63302081823349,0.5657976269721985,-2.5949998416763265e-07,0.5998964309692383,0.5692447423934937,-0.0050365556962788105,0.5643415451049805,0.5585047006607056,-0.01044304296374321,0.5381946563720703,0.5566216707229614,-0.01862180419266224,0.5182538628578186,0.5463379621505737,-0.02547380141913891,0.5631191730499268,0.4786166846752167,0.0034358850680291653,0.530636727809906,0.44995129108428955,-0.0135142020881176,0.5211252570152283,0.48228543996810913,-0.025473831221461296,0.5253233909606934,0.5140306949615479,-0.030757512897253036,0.5742040276527405,0.4619082510471344,-0.001094355247914791,0.5443697571754456,0.43363070487976074,-0.016672959551215172,0.5492926836013794,0.4749888479709625,-0.021860159933567047,0.5635920166969299,0.4934644103050232,-0.021382169798016548,0.5895504951477051,0.44848453998565674,-0.008444088511168957,0.5608161091804504,0.41578683257102966,-0.02095816284418106,0.5648020505905151,0.45727747678756714,-0.016835352405905724,0.5775057673454285,0.4762876629829407,-0.010352314449846745,0.609451949596405,0.4382607638835907,-0.0169140063226223,0.5878278613090515,0.41059577465057373,-0.022532286122441292,0.585021436214447,0.44062015414237976,-0.017042934894561768,0.5919841527938843,0.4607701301574707,-0.01085879560559988,Q
0.40917375683784485,0.6740777492523193,1.0526212790296086e-08,0.4513912796974182,0.6761990189552307,-0.00030821331893093884,0.48164767026901245,0.6684713959693909,-0.010480128228664398,0.5011043548583984,0.6673400402069092,-0.023877233266830444,0.5019916296005249,0.6618629693984985,-0.0370878167450428,0.4871484935283661,0.5700356960296631,-0.010248859412968159,0.5024216771125793,0.5369479656219482,-0.026188600808382034,0.5173795223236084,0.5267422199249268,-0.036951012909412384,0.5257403254508972,0.5282794237136841,-0.04393241927027702,0.4690263867378235,0.560542643070221,-0.020476948469877243,0.49275532364845276,0.6280171275138855,-0.03792928159236908,0.48115789890289307,0.6582742929458618,-0.04219251871109009,0.4699631631374359,0.6520687937736511,-0.043602705001831055,0.44757696986198425,0.5708668231964111,-0.03126705437898636,0.46770337224006653,0.6474810838699341,-0.0477251335978508,0.45755818486213684,0.6654411554336548,-0.044704463332891464,0.4488048851490021,0.6503449082374573,-0.040911104530096054,0.4262641668319702,0.5900269746780396,-0.04246962070465088,0.4428049623966217,0.6472262740135193,-0.05137850344181061,0.4382420480251312,0.661507785320282,-0.04648438096046448,0.43089690804481506,0.6479377746582031,-0.04175087809562683,Q
0.6326666474342346,0.5682637095451355,-2.582102638370998e-07,0.5988379120826721,0.5696748495101929,-0.004683734383434057,0.5632404088973999,0.5592707395553589,-0.010787351988255978,0.5367085933685303,0.5579485297203064,-0.019849319010972977,0.5166751146316528,0.5477771759033203,-0.027728278189897537,0.56053626537323,0.4821048080921173,0.002535575767979026,0.5279698371887207,0.4540290832519531,-0.0159499142318964,0.5188076496124268,0.48611822724342346,-0.029076948761940002,0.5223716497421265,0.5190544128417969,-0.035029008984565735,0.5720954537391663,0.4653868079185486,-0.0024330609012395144,0.5411009788513184,0.4402678906917572,-0.01860811747610569,0.5484122037887573,0.48015204071998596,-0.023657865822315216,0.5627860426902771,0.496184378862381,-0.02317815087735653,0.5880591869354248,0.4509098529815674,-0.010233334265649319,0.5585278868675232,0.42130932211875916,-0.022926023229956627,0.5658311247825623,0.46235257387161255,-0.017335742712020874,0.579397976398468,0.47919774055480957,-0.009942295961081982,0.6089009642601013,0.43944624066352844,-0.019231878221035004,0.5867358446121216,0.4130074679851532,-0.02466675452888012,0.5859836339950562,0.44370293617248535,-0.01790457032620907,0.5936274528503418,0.4621444046497345,-0.010877984575927258,Q
0.4127750098705292,0.6736788749694824,-1.0051888210682591e-08,0.45374438166618347,0.6782709360122681,-0.0019780504517257214,0.483994722366333,0.6737797856330872,-0.012023507617413998,0.5017444491386414,0.6720471382141113,-0.02502719685435295,0.5000640749931335,0.6645673513412476,-0.03746127709746361,0.4896537959575653,0.573875904083252,-0.011163107119500637,0.503803551197052,0.5376318693161011,-0.028447885066270828,0.5167201161384583,0.5380387306213379,-0.039954010397195816,0.5243870615959167,0.5517627596855164,-0.046788860112428665,0.47119075059890747,0.562836766242981,-0.019900936633348465,0.491191029548645,0.6298063397407532,-0.03734545782208443,0.47946369647979736,0.6560018062591553,-0.04198306426405907,0.4697134792804718,0.6486963629722595,-0.04381394758820534,0.4492383897304535,0.571379542350769,-0.029524875804781914,0.4666699767112732,0.6488521695137024,-0.04503003507852554,0.45691755414009094,0.6613175272941589,-0.04301042854785919,0.44981712102890015,0.6440531015396118,-0.040255434811115265,0.4276486337184906,0.5891640186309814,-0.03979663550853729,0.4429233968257904,0.6480406522750854,-0.048117853701114655,0.43762990832328796,0.6578053832054138,-0.04423036798834801,0.43068787455558777,0.6414380073547363,-0.04025973379611969,Q
0.6319195032119751,0.5669413805007935,-2.617503014334943e-07,0.5987026691436768,0.5706768035888672,-0.0035520335659384727,0.5618928670883179,0.559374213218689,-0.008484837599098682,0.5361971855163574,0.5589842200279236,-0.016257181763648987,0.5165959000587463,0.5504453182220459,-0.022925451397895813,0.5603935122489929,0.47956812381744385,0.0033508928027004004,0.5284724235534668,0.4493516981601715,-0.013550889678299427,0.5186492800712585,0.47937533259391785,-0.02546018734574318,0.5217745304107666,0.5106963515281677,-0.030800092965364456,0.5716649293899536,0.4631192088127136,-0.0019248557509854436,0.5414567589759827,0.43943479657173157,-0.016992388293147087,0.5486018657684326,0.47943538427352905,-0.02149040251970291,0.5636411309242249,0.4940127432346344,-0.02078983187675476,0.5871838331222534,0.449290007352829,-0.00985504500567913,0.5577739477157593,0.42098352313041687,-0.021602462977170944,0.5642149448394775,0.4613720178604126,-0.01603628695011139,0.577490508556366,0.47563356161117554,-0.009068189188838005,0.6074239611625671,0.43868881464004517,-0.01884186640381813,0.5851342678070068,0.41347378492355347,-0.023751791566610336,0.5847061276435852,0.4449666738510132,-0.01683955267071724,0.5929588675498962,0.4617709815502167,-0.009932558052241802,Q
0.4106452167034149,0.6731128096580505,3.59656682213938e-09,0.45013517141342163,0.6746363639831543,-0.0021305857226252556,0.4793814718723297,0.6689133644104004,-0.01249826978892088,0.497702419757843,0.6694955825805664,-0.025805018842220306,0.5015920400619507,0.6675234436988831,-0.03877526521682739,0.48735976219177246,0.5709937214851379,-0.012230300344526768,0.5041576027870178,0.5387744903564453,-0.029509486630558968,0.5181725025177002,0.5367306470870972,-0.04144534096121788,0.5272061824798584,0.5455306768417358,-0.0489593930542469,0.4691362679004669,0.5611377954483032,-0.021051112562417984,0.4907844662666321,0.6291388869285583,-0.03839796036481857,0.479538232088089,0.6554138660430908,-0.043085727840662,0.46940869092941284,0.6484256982803345,-0.0451769195497036,0.44728612899780273,0.5708889365196228,-0.03069489635527134,0.46576592326164246,0.6499254107475281,-0.04622778668999672,0.4565989077091217,0.6640050411224365,-0.044104184955358505,0.44924500584602356,0.6483686566352844,-0.04133687913417816,0.4257182776927948,0.5896852016448975,-0.04101750999689102,0.4419046938419342,0.6497511267662048,-0.04940958693623543,0.43716150522232056,0.6616562604904175,-0.0454699844121933,0.43022656440734863,0.647453784942627,-0.041559427976608276,Q
0.6316807866096497,0.5701250433921814,-2.7987613293589675e-07,0.5980966687202454,0.5739239454269409,-0.004000688437372446,0.5617254376411438,0.5610225796699524,-0.009095662273466587,0.535365104675293,0.5593744516372681,-0.01714790053665638,0.5161006450653076,0.5462568998336792,-0.02390238083899021,0.5596534609794617,0.478179931640625,0.004774358123540878,0.5277376174926758,0.44880345463752747,-0.012912079691886902,0.5176207423210144,0.4787464141845703,-0.02544826827943325,0.5201191902160645,0.5106958150863647,-0.03101431205868721,0.5706787705421448,0.46270960569381714,-0.0002568736090324819,0.5396021008491516,0.4400221109390259,-0.016092710196971893,0.5480343699455261,0.4823457896709442,-0.02090092934668064,0.5631877779960632,0.4978349208831787,-0.020039692521095276,0.586338996887207,0.449113667011261,-0.008141552098095417,0.5560113787651062,0.42113643884658813,-0.020722877234220505,0.5635512471199036,0.46408918499946594,-0.014955585822463036,0.5771197080612183,0.479659765958786,-0.007343687582761049,0.6067392826080322,0.43897828459739685,-0.017143957316875458,0.583798885345459,0.41357025504112244,-0.022390810772776604,0.5838268399238586,0.44625943899154663,-0.015308047644793987,0.5923349261283875,0.46359777450561523,-0.007951515726745129,Q
0.40845823287963867,0.6741071343421936,2.944868571219672e-09,0.4494074583053589,0.6769508123397827,-0.0021993720438331366,0.47930794954299927,0.6707750558853149,-0.013507622294127941,0.4978139400482178,0.669364333152771,-0.02790999226272106,0.49867069721221924,0.6647880673408508,-0.041723549365997314,0.4863107204437256,0.5719478726387024,-0.012290086597204208,0.5013248324394226,0.5338727831840515,-0.030011653900146484,0.5156893730163574,0.5306236743927002,-0.041518811136484146,0.5237531065940857,0.5414721965789795,-0.04839406907558441,0.46788400411605835,0.5625048875808716,-0.02130386233329773,0.48972633481025696,0.6288790106773376,-0.039423540234565735,0.4778400659561157,0.6562654972076416,-0.04381905868649483,0.46758437156677246,0.6473609209060669,-0.04531962051987648,0.4464367926120758,0.5718085169792175,-0.031190931797027588,0.465206503868103,0.6480002403259277,-0.04744378477334976,0.4554588794708252,0.6631724238395691,-0.044750623404979706,0.44747933745384216,0.6465421915054321,-0.041330061852931976,0.42533400654792786,0.5899738669395447,-0.04172263294458389,0.441659539937973,0.647481381893158,-0.050422992557287216,0.43662458658218384,0.6593340039253235,-0.046064577996730804,0.42918485403060913,0.6439217925071716,-0.041664279997348785,Q
0.6307843923568726,0.568570077419281,-2.7338589347891684e-07,0.597098708152771,0.5712243318557739,-0.003885451704263687,0.5607169270515442,0.5605475902557373,-0.008659442886710167,0.5344169735908508,0.5587166547775269,-0.01640881784260273,0.5145975351333618,0.5471683740615845,-0.023027628660202026,0.5590144395828247,0.4792693257331848,0.005727461073547602,0.5273094773292542,0.45385077595710754,-0.011502839624881744,0.5185737609863281,0.4857666492462158,-0.023905133828520775,0.5228200554847717,0.5157763361930847,-0.029454126954078674,0.5699205994606018,0.46299806237220764,0.00040679730591364205,0.5389350056648254,0.4363870620727539,-0.015683993697166443,0.5455338954925537,0.47918570041656494,-0.021133029833436012,0.5607609748840332,0.49635592103004456,-0.020446697250008583,0.5853395462036133,0.4492480158805847,-0.007733648177236319,0.55621337890625,0.41923248767852783,-0.020980751141905785,0.5626978874206543,0.4634241759777069,-0.016237344592809677,0.5764890313148499,0.48046350479125977,-0.008923046290874481,0.6057131290435791,0.4386456310749054,-0.016894787549972534,0.5831589698791504,0.4118736982345581,-0.022795185446739197,0.5830361247062683,0.4458412826061249,-0.01628551073372364,0.5918596982955933,0.4653223156929016,-0.009152036160230637,Q
0.40898382663726807,0.6768465638160706,-1.3978580515328076e-09,0.4485425055027008,0.6800628900527954,-0.003301088698208332,0.47799956798553467,0.6730297803878784,-0.014273093082010746,0.4965181350708008,0.671594500541687,-0.02795638144016266,0.5007138848304749,0.6687001585960388,-0.041019946336746216,0.4861297309398651,0.5761852860450745,-0.013613119721412659,0.5025553107261658,0.5372575521469116,-0.031134385615587234,0.5155350565910339,0.5255076289176941,-0.043376680463552475,0.5235109329223633,0.5264586210250854,-0.05129905790090561,0.4679223895072937,0.5650270581245422,-0.021658655256032944,0.48945850133895874,0.6325880289077759,-0.03979730233550072,0.479261189699173,0.6567789912223816,-0.0447593554854393,0.4697782099246979,0.6493638157844543,-0.04698590561747551,0.4468424320220947,0.5736089944839478,-0.03055148385465145,0.4649275243282318,0.6528468728065491,-0.04600611329078674,0.45575711131095886,0.6648730039596558,-0.04357562214136124,0.44837963581085205,0.6485968232154846,-0.040821462869644165,0.4266013205051422,0.5915301442146301,-0.04035182297229767,0.44224071502685547,0.654096245765686,-0.04886160418391228,0.43678346276283264,0.6644538640975952,-0.04535047337412834,0.4296210706233978,0.6491336226463318,-0.04183453321456909,Q
0.6305996775627136,0.5689333081245422,-2.801785115025268e-07,0.5980820655822754,0.5722830295562744,-0.003430682932958007,0.5611851215362549,0.5595020651817322,-0.007659397553652525,0.5344671010971069,0.557359516620636,-0.014963029883801937,0.51469486951828,0.5491765141487122,-0.021179914474487305,0.5584411025047302,0.4817958474159241,0.005558358039706945,0.5259835720062256,0.4529131352901459,-0.01124022901058197,0.5163916349411011,0.48370882868766785,-0.02321504056453705,0.5196915864944458,0.5164178609848022,-0.028490187600255013,0.569545567035675,0.4647313356399536,0.0004062494554091245,0.5393825769424438,0.44110554456710815,-0.014589390717446804,0.5461137294769287,0.4827308654785156,-0.019344523549079895,0.560165286064148,0.49933257699012756,-0.018678702414035797,0.5850561261177063,0.4500875771045685,-0.007522231433540583,0.5556168556213379,0.4219515919685364,-0.019968459382653236,0.562812328338623,0.4647330045700073,-0.014782033860683441,0.5762337446212769,0.48159557580947876,-0.0076212496496737,0.6054348349571228,0.4385702610015869,-0.016457978636026382,0.5826895236968994,0.41361814737319946,-0.021991629153490067,0.5832259654998779,0.44734987616539,-0.015343040227890015,0.591906726360321,0.4663967788219452,-0.008357791230082512,Q
0.41009917855262756,0.6758283376693726,-2.6451704826513378e-08,0.4514048993587494,0.6767855882644653,-0.0004568646545521915,0.48153969645500183,0.6686787009239197,-0.010143325664103031,0.49932458996772766,0.6670894622802734,-0.023296548053622246,0.4997538924217224,0.6647109985351562,-0.03596094995737076,0.4874986708164215,0.5737728476524353,-0.010719949379563332,0.5040304660797119,0.5342182517051697,-0.029331155121326447,0.5164289474487305,0.5370925068855286,-0.04133967310190201,0.5219265818595886,0.5558485984802246,-0.04796154424548149,0.4688383936882019,0.5633608102798462,-0.020197143778204918,0.4906039834022522,0.630062997341156,-0.03825719282031059,0.47824984788894653,0.6573033928871155,-0.0428931824862957,0.4676319360733032,0.6491632461547852,-0.044537417590618134,0.4470095634460449,0.572911262512207,-0.030517181381583214,0.46583524346351624,0.6509047150611877,-0.046320557594299316,0.45496779680252075,0.6654946208000183,-0.043701171875,0.44687986373901367,0.6486138701438904,-0.040410928428173065,0.4257056415081024,0.5912604928016663,-0.04139881953597069,0.4420613944530487,0.6511597037315369,-0.0496835932135582,0.43577924370765686,0.6631841659545898,-0.04508102685213089,0.4280858635902405,0.6477835178375244,-0.04043743386864662,Q
0.6324490308761597,0.5690522789955139,-2.7816406600322807e-07,0.5974388718605042,0.5721495747566223,-0.003387085162103176,0.5604925155639648,0.560929000377655,-0.008365585468709469,0.534030556678772,0.5586490631103516,-0.01649322919547558,0.5125493407249451,0.5528088212013245,-0.023548822849988937,0.5585291385650635,0.48299703001976013,0.003913289867341518,0.5254117846488953,0.4526149332523346,-0.013412113301455975,0.5160378813743591,0.48238542675971985,-0.025622781366109848,0.5189712643623352,0.514583170413971,-0.03101370669901371,0.5700055956840515,0.4663323163986206,-0.0018026807811111212,0.5380536913871765,0.4418276250362396,-0.017734616994857788,0.5461107492446899,0.4833119511604309,-0.022698886692523956,0.5615075826644897,0.5013388991355896,-0.022121712565422058,0.5857585072517395,0.45245248079299927,-0.010183539241552353,0.554664671421051,0.4222032427787781,-0.0229429230093956,0.5621204972267151,0.46426934003829956,-0.01764867454767227,0.5763863921165466,0.4833971858024597,-0.01040035393089056,0.6062569618225098,0.4413202106952667,-0.01958708092570305,0.5828143954277039,0.41338232159614563,-0.0251512061804533,0.5817786455154419,0.4447839856147766,-0.01860199309885502,0.5897549390792847,0.46539103984832764,-0.011731377802789211,Q
0.4100448489189148,0.6752352714538574,-2.947054156265949e-09,0.4513663053512573,0.6767590045928955,-0.0014548435574397445,0.4819197952747345,0.6718062162399292,-0.012409736402332783,0.5012167096138,0.6707059144973755,-0.026708269491791725,0.4978886544704437,0.6650622487068176,-0.04074910283088684,0.48745718598365784,0.5722828507423401,-0.011601517908275127,0.5035000443458557,0.5370473861694336,-0.029669899493455887,0.5172541737556458,0.5363039374351501,-0.04150322452187538,0.5239719748497009,0.5494372844696045,-0.04829263314604759,0.4685746133327484,0.562359094619751,-0.021019482985138893,0.4904024600982666,0.6286354660987854,-0.038533613085746765,0.4781266748905182,0.6569281220436096,-0.04241711273789406,0.46753621101379395,0.6491241455078125,-0.043530844151973724,0.4466845989227295,0.5725663304328918,-0.03131287917494774,0.46579867601394653,0.6511276364326477,-0.04710273817181587,0.45573657751083374,0.6661206483840942,-0.044207166880369186,0.4479248821735382,0.6496811509132385,-0.04062318801879883,0.4253717362880707,0.5919516086578369,-0.04222983494400978,0.4419463872909546,0.6516666412353516,-0.05024493858218193,0.4368537664413452,0.6639546155929565,-0.04529835283756256,0.4295482933521271,0.6497792601585388,-0.04051226004958153,Q
0.6321077942848206,0.5682198405265808,-2.608645388590958e-07,0.5985437035560608,0.5704813003540039,-0.0048243338242173195,0.5625446438789368,0.5615538358688354,-0.010843729600310326,0.5357756018638611,0.5597311854362488,-0.01968401111662388,0.514854907989502,0.5502391457557678,-0.027412690222263336,0.5603553652763367,0.4831257462501526,0.002248485339805484,0.5269483923912048,0.4538431167602539,-0.01567879691720009,0.517413854598999,0.4860338270664215,-0.028512170538306236,0.5216577053070068,0.5190222859382629,-0.03418218344449997,0.5719737410545349,0.4665106236934662,-0.0027401428669691086,0.5409623384475708,0.4369022250175476,-0.01875586248934269,0.545577347278595,0.47713395953178406,-0.024254238232970238,0.5591312050819397,0.4955998361110687,-0.023943087086081505,0.5872856378555298,0.45262840390205383,-0.01045051496475935,0.5578296780586243,0.42144775390625,-0.02356451191008091,0.5636975169181824,0.46262750029563904,-0.01893802359700203,0.577097475528717,0.4807032346725464,-0.011936121620237827,0.6072099208831787,0.4415523409843445,-0.019228477030992508,0.583916425704956,0.4149152636528015,-0.025154229253530502,0.5837247371673584,0.44591861963272095,-0.0185999758541584,0.5924044251441956,0.46527838706970215,-0.011543311178684235,Q
0.4106861352920532,0.6741856336593628,-1.0817780449201564e-08,0.4501116871833801,0.6774562001228333,-0.0011529127368703485,0.4793466627597809,0.6719306707382202,-0.011423866264522076,0.49877724051475525,0.6701784729957581,-0.024922657757997513,0.5011256337165833,0.6626904010772705,-0.03813931718468666,0.48661765456199646,0.5737855434417725,-0.011910608038306236,0.502975344657898,0.5357826352119446,-0.029515227302908897,0.5166664719581604,0.5342578887939453,-0.04146154224872589,0.5247526168823242,0.543923556804657,-0.04869625344872475,0.468517005443573,0.5635530352592468,-0.021351823583245277,0.4906960427761078,0.6255113482475281,-0.039153147488832474,0.47902804613113403,0.6536235809326172,-0.04383805766701698,0.46837958693504333,0.6459043025970459,-0.04557301849126816,0.4471324682235718,0.5727695822715759,-0.031493883579969406,0.46606770157814026,0.6467580199241638,-0.04740061238408089,0.45645639300346375,0.6631910800933838,-0.0450059249997139,0.4484027624130249,0.6478858590126038,-0.04175571724772453,0.4262229800224304,0.5910221338272095,-0.042156681418418884,0.44247323274612427,0.647343635559082,-0.050477150827646255,0.43814611434936523,0.660495936870575,-0.04596886411309242,0.4308934807777405,0.6468971967697144,-0.04143621399998665,Q
0.6332080364227295,0.5687670707702637,-2.5323427621515293e-07,0.5999460220336914,0.5718697309494019,-0.005055843852460384,0.5630290508270264,0.5621019601821899,-0.010675163008272648,0.536078929901123,0.5601548552513123,-0.018998242914676666,0.5159274339675903,0.5514447093009949,-0.02604319155216217,0.5598387718200684,0.4816351532936096,0.0035374921280890703,0.5283499956130981,0.45224449038505554,-0.013492126949131489,0.5185681581497192,0.4818057119846344,-0.025593290105462074,0.5220094919204712,0.5131546258926392,-0.03096579946577549,0.5713236927986145,0.4648377001285553,-0.001159006729722023,0.5415540337562561,0.43776774406433105,-0.01621055416762829,0.5474156141281128,0.47766709327697754,-0.021011346951127052,0.5614588856697083,0.4956468343734741,-0.020421752706170082,0.5869380831718445,0.4508465528488159,-0.008683358319103718,0.5586105585098267,0.42234113812446594,-0.02111002989113331,0.5652067065238953,0.4632745683193207,-0.016133859753608704,0.5790011286735535,0.4814566969871521,-0.009143793024122715,0.6070674657821655,0.4401314854621887,-0.017375260591506958,0.5842856168746948,0.415134459733963,-0.02292793057858944,0.5846226215362549,0.4462404251098633,-0.016488950699567795,0.5939783453941345,0.4653952121734619,-0.009677238762378693,Q
0.4081465005874634,0.6754688024520874,-6.458376611284677e-10,0.4497247040271759,0.6785712838172913,-0.0015467364573851228,0.4805932939052582,0.6728259325027466,-0.01075197383761406,0.5004526376724243,0.6710295677185059,-0.02288457378745079,0.5016284584999084,0.6615822911262512,-0.034780073910951614,0.48592573404312134,0.5717750191688538,-0.009309416636824608,0.503736674785614,0.5431579351425171,-0.025002367794513702,0.5181791186332703,0.5324551463127136,-0.03653658926486969,0.5277202129364014,0.5289130210876465,-0.044404029846191406,0.4682897627353668,0.5626475214958191,-0.01869514025747776,0.49187591671943665,0.6287456750869751,-0.035972610116004944,0.479825496673584,0.6556221842765808,-0.041209761053323746,0.4688982665538788,0.6471818685531616,-0.04361335188150406,0.44713619351387024,0.5728445649147034,-0.028812861070036888,0.4673120379447937,0.6467943787574768,-0.04508044198155403,0.45697537064552307,0.6628116965293884,-0.04306463524699211,0.44867539405822754,0.6472284197807312,-0.04015770182013512,0.4264070391654968,0.5919398665428162,-0.03951461613178253,0.44362056255340576,0.6472015976905823,-0.04848409444093704,0.43788981437683105,0.6599326133728027,-0.04435543715953827,0.4296959638595581,0.6462310552597046,-0.040345218032598495,Q
0.6333193778991699,0.5706202387809753,-2.728469326029881e-07,0.5998442769050598,0.573653519153595,-0.0029456850606948137,0.562955379486084,0.5616621971130371,-0.007152324542403221,0.5373284220695496,0.558046281337738,-0.01451194379478693,0.5170840620994568,0.5498703718185425,-0.020826734602451324,0.5607887506484985,0.4827217161655426,0.005179012194275856,0.5288774967193604,0.4527580142021179,-0.01101214811205864,0.5196163654327393,0.4834059178829193,-0.021835478022694588,0.5236743092536926,0.5137506723403931,-0.02625342831015587,0.5723098516464233,0.466956228017807,-0.0006611712742596865,0.5416049957275391,0.43658000230789185,-0.015886355191469193,0.5478692650794983,0.47948938608169556,-0.02011566236615181,0.5624566078186035,0.49622461199760437,-0.018632568418979645,0.5879369378089905,0.4534466862678528,-0.009124595671892166,0.5588846206665039,0.4215397238731384,-0.021809043362736702,0.565325140953064,0.4648664593696594,-0.01668892242014408,0.5787544250488281,0.4818136394023895,-0.009267749264836311,0.6081709265708923,0.44206538796424866,-0.018476702272892,0.5846437215805054,0.4145459830760956,-0.023861611261963844,0.584563136100769,0.4465666115283966,-0.017052551731467247,0.5934783220291138,0.46476447582244873,-0.009872253984212875,Q
0.4122599959373474,0.6735976338386536,5.329512386964552e-09,0.4541000723838806,0.6778884530067444,-0.0026617946568876505,0.4861851930618286,0.6729794144630432,-0.013285749591886997,0.5054771304130554,0.6701017618179321,-0.026859965175390244,0.5024604797363281,0.6598116159439087,-0.04012726619839668,0.48904290795326233,0.5704166293144226,-0.011815334670245647,0.5048627853393555,0.5342212319374084,-0.029458167031407356,0.5186489224433899,0.5289247632026672,-0.041922155767679214,0.5275589823722839,0.5353802442550659,-0.049793072044849396,0.4703032672405243,0.5609095692634583,-0.020855458453297615,0.4932357668876648,0.6280913352966309,-0.03932471200823784,0.48124784231185913,0.6561815738677979,-0.044886812567710876,0.47016090154647827,0.6490312814712524,-0.047307271510362625,0.44821834564208984,0.5707535147666931,-0.030735766515135765,0.4677797555923462,0.6455574631690979,-0.0473933070898056,0.45802944898605347,0.6609386801719666,-0.04545873403549194,0.44991400837898254,0.6448154449462891,-0.04254375025629997,0.42684417963027954,0.5891004800796509,-0.04129147157073021,0.4436004161834717,0.6453734636306763,-0.05022691562771797,0.4390115737915039,0.6578885316848755,-0.04595786705613136,0.4314434826374054,0.6434648633003235,-0.04168257862329483,Q
0.6338563561439514,0.5701455473899841,-2.535796568281512e-07,0.6017410755157471,0.5736023187637329,-0.0045568379573524,0.5650867223739624,0.5609697699546814,-0.009115932509303093,0.538946270942688,0.5574019551277161,-0.016404645517468452,0.5193402767181396,0.54905104637146,-0.022501802071928978,0.5627883672714233,0.4819388687610626,0.004677941557019949,0.5317725539207458,0.4523469805717468,-0.011272156611084938,0.5215879082679749,0.481961190700531,-0.022456709295511246,0.5253289937973022,0.5114543437957764,-0.027307232841849327,0.5740070939064026,0.4653495252132416,-0.0001999604719458148,0.5446311235427856,0.4343893826007843,-0.015415736474096775,0.5492584705352783,0.4753431975841522,-0.02055186964571476,0.5639463663101196,0.49503257870674133,-0.01978462189435959,0.5894759297370911,0.4518151581287384,-0.007811418268829584,0.5611268877983093,0.41933608055114746,-0.02038291096687317,0.5659381151199341,0.46013590693473816,-0.016451826319098473,0.5794766545295715,0.4787711799144745,-0.009893914684653282,0.609477162361145,0.4411561191082001,-0.01645660772919655,0.5871517658233643,0.41346409916877747,-0.022062232717871666,0.5859473347663879,0.44348421692848206,-0.016459204256534576,0.594588577747345,0.46301740407943726,-0.01017475500702858,Q
0.41240352392196655,0.6701369881629944,-1.2236253787989426e-08,0.4534710943698883,0.6739130616188049,-3.3001360861817375e-05,0.48429083824157715,0.6681485772132874,-0.00992293655872345,0.5030232071876526,0.666695773601532,-0.023070912808179855,0.5016450881958008,0.6627111434936523,-0.0362691767513752,0.48987752199172974,0.5720618367195129,-0.012516112998127937,0.5053320527076721,0.533538281917572,-0.030232366174459457,0.519071638584137,0.5292697548866272,-0.04228513687849045,0.527775764465332,0.5370214581489563,-0.0497986376285553,0.47141674160957336,0.5615488886833191,-0.022853026166558266,0.49359801411628723,0.6279746294021606,-0.04126032441854477,0.4807969033718109,0.6571244597434998,-0.046044670045375824,0.469501793384552,0.6505746245384216,-0.04786567762494087,0.4490310847759247,0.5711447596549988,-0.03362487256526947,0.468332976102829,0.6477404832839966,-0.05047379806637764,0.4577648341655731,0.6640286445617676,-0.0479048527777195,0.4494971036911011,0.6481992602348328,-0.04449188709259033,0.4272763133049011,0.5898817181587219,-0.0447201281785965,0.4433879256248474,0.6472814083099365,-0.053625721484422684,0.4380263090133667,0.6609393954277039,-0.04863886907696724,0.4306356608867645,0.6466607451438904,-0.04386930540204048,Q
0.6344760656356812,0.5699924230575562,-2.7003213176612917e-07,0.6003803014755249,0.5715355277061462,-0.0031749482732266188,0.5638592839241028,0.5583211779594421,-0.007332836743444204,0.5384731888771057,0.5574078559875488,-0.014709649607539177,0.5186439156532288,0.5520936250686646,-0.02089056558907032,0.5628423094749451,0.4801534414291382,0.006065730936825275,0.5305342674255371,0.45418262481689453,-0.010986628010869026,0.5234328508377075,0.49047622084617615,-0.02343231998383999,0.5291901230812073,0.5239490866661072,-0.028971530497074127,0.5738697052001953,0.46384045481681824,0.0005416927160695195,0.5437551736831665,0.4360123872756958,-0.014535325579345226,0.5495102405548096,0.476106196641922,-0.019912445917725563,0.5638609528541565,0.4918654263019562,-0.019626732915639877,0.5890063643455505,0.4504639506340027,-0.0077567691914737225,0.5607125759124756,0.4211924970149994,-0.019115211442112923,0.5664711594581604,0.46220487356185913,-0.01441272534430027,0.5794858336448669,0.4767273962497711,-0.007840920239686966,0.6087645292282104,0.440210223197937,-0.017181986942887306,0.5866954922676086,0.4140237867832184,-0.021026983857154846,0.5859176516532898,0.44501593708992004,-0.01408984512090683,0.594134509563446,0.46220162510871887,-0.0072250282391905785,Q
0.409740686416626,0.6748338937759399,-1.1830782575827925e-08,0.45077744126319885,0.6744949817657471,-0.0005773556185886264,0.48169711232185364,0.6650813817977905,-0.010386022739112377,0.4998089075088501,0.6645395159721375,-0.023496292531490326,0.503995954990387,0.665091335773468,-0.036219459027051926,0.4893793761730194,0.5693320035934448,-0.011098423041403294,0.5065292716026306,0.5347790122032166,-0.02901660092175007,0.5208142995834351,0.5349706411361694,-0.040786013007164,0.5285188555717468,0.5493472218513489,-0.04774048179388046,0.47140005230903625,0.5605884790420532,-0.02090129628777504,0.4943070113658905,0.6305375695228577,-0.03911363333463669,0.48098599910736084,0.6571953296661377,-0.043704014271497726,0.46954870223999023,0.6489658951759338,-0.04540124908089638,0.4496365785598755,0.5717054009437561,-0.031450267881155014,0.4686838686466217,0.6503250002861023,-0.04786405712366104,0.45743921399116516,0.6639569997787476,-0.04537348449230194,0.4493744373321533,0.646166205406189,-0.04212382808327675,0.42772191762924194,0.5913748145103455,-0.04249006509780884,0.444364070892334,0.6508653163909912,-0.05132293328642845,0.4377734065055847,0.6615254282951355,-0.04673639312386513,0.42992866039276123,0.6447771191596985,-0.04218302294611931,Q
0.6340208053588867,0.5703390836715698,-2.517606958463148e-07,0.601243257522583,0.5711492300033569,-0.004811654798686504,0.5655442476272583,0.5598601698875427,-0.01023015845566988,0.5388546586036682,0.5585145950317383,-0.018427249044179916,0.5184557437896729,0.5514509081840515,-0.02545437403023243,0.5635294914245605,0.48267799615859985,0.003538466291502118,0.5314016938209534,0.45492830872535706,-0.01342462282627821,0.5226709842681885,0.48772287368774414,-0.025655696168541908,0.5274518728256226,0.5199046730995178,-0.03111904114484787,0.5746282339096069,0.4664939343929291,-0.0011301259510219097,0.5444467663764954,0.43743789196014404,-0.01592082716524601,0.5488316416740417,0.4775243401527405,-0.02091425471007824,0.562625527381897,0.4950380325317383,-0.020550744608044624,0.5900546312332153,0.4529477059841156,-0.008593864738941193,0.5614479184150696,0.4199228286743164,-0.02027576044201851,0.5658721923828125,0.460368812084198,-0.01579071767628193,0.5787909626960754,0.47745561599731445,-0.009344542399048805,0.6103898882865906,0.4420091211795807,-0.017223231494426727,0.5883705019950867,0.4131704270839691,-0.02217482589185238,0.5866944789886475,0.4431699812412262,-0.016053754836320877,0.5946508646011353,0.4620848298072815,-0.009623506106436253,Q
0.4115505814552307,0.6748799085617065,4.2220356100131085e-09,0.45223096013069153,0.6784014701843262,-0.0015029364731162786,0.4820200204849243,0.6725637316703796,-0.011997024528682232,0.5010993480682373,0.6706947684288025,-0.025553563609719276,0.5036543011665344,0.6629711985588074,-0.03882753103971481,0.4896754026412964,0.5737829208374023,-0.011229789815843105,0.5056688189506531,0.534612774848938,-0.027856718748807907,0.5200517177581787,0.5255404114723206,-0.03925498202443123,0.5291723608970642,0.5286937952041626,-0.04654000699520111,0.4716898798942566,0.5629218220710754,-0.020941410213708878,0.4955919086933136,0.6267384886741638,-0.03918544948101044,0.48309653997421265,0.6557248830795288,-0.044115424156188965,0.471688836812973,0.649090051651001,-0.04583120346069336,0.4500463306903839,0.571429967880249,-0.03133157640695572,0.47032198309898376,0.6462146043777466,-0.04780059680342674,0.4602065682411194,0.6635083556175232,-0.045092325657606125,0.4520909786224365,0.6486131548881531,-0.041558969765901566,0.42834895849227905,0.5888168215751648,-0.04226592928171158,0.4455975294113159,0.6454635262489319,-0.05094087868928909,0.4401950538158417,0.6599242687225342,-0.04608411714434624,0.43239790201187134,0.6464223265647888,-0.04140191152691841,Q
0.635477602481842,0.5703704357147217,-2.651896977567958e-07,0.6020377278327942,0.5725046992301941,-0.004076596349477768,0.5657503604888916,0.5606160759925842,-0.00910143181681633,0.5394886136054993,0.5587888360023499,-0.017103107646107674,0.5194320678710938,0.5492644309997559,-0.02390182949602604,0.5644333362579346,0.4824206829071045,0.004241400398313999,0.5311743021011353,0.4534895122051239,-0.012899130582809448,0.5215831995010376,0.4852769076824188,-0.024803701788187027,0.5257876515388489,0.517094075679779,-0.029963061213493347,0.5755873322486877,0.4664113521575928,-0.0008902316330932081,0.544701874256134,0.43840545415878296,-0.01640545204281807,0.5504377484321594,0.47982075810432434,-0.021119920536875725,0.5648877024650574,0.4969262480735779,-0.020234394818544388,0.591037929058075,0.45308366417884827,-0.008814084343612194,0.5610324740409851,0.4205132722854614,-0.02111806906759739,0.5662854313850403,0.46240654587745667,-0.01599695533514023,0.5794748067855835,0.47976747155189514,-0.008901209570467472,0.611212968826294,0.44284313917160034,-0.01783893071115017,0.5882359743118286,0.4160422086715698,-0.023158621042966843,0.5870945453643799,0.447378009557724,-0.016736667603254318,0.5955588221549988,0.46588030457496643,-0.009946808218955994,Q
0.40985381603240967,0.6720541715621948,1.017815254300558e-08,0.45142486691474915,0.6742586493492126,-0.0018691049190238118,0.481428325176239,0.6681989431381226,-0.01262643188238144,0.49971652030944824,0.6685393452644348,-0.02650870941579342,0.5025694966316223,0.6637524366378784,-0.040025245398283005,0.48888635635375977,0.5713154077529907,-0.011186358518898487,0.5059497952461243,0.5377223491668701,-0.028498847037553787,0.5210769772529602,0.533369243144989,-0.04055823013186455,0.5294122695922852,0.5422648787498474,-0.0480625256896019,0.4713475704193115,0.5625035762786865,-0.02044590562582016,0.49486708641052246,0.6286393404006958,-0.03817003220319748,0.4825192987918854,0.6545659303665161,-0.04321984946727753,0.47142189741134644,0.6453174948692322,-0.04539579898118973,0.45030155777931213,0.5727444887161255,-0.0305106770247221,0.4706256091594696,0.6463686227798462,-0.0466267392039299,0.45999693870544434,0.6599647998809814,-0.044559087604284286,0.4513114094734192,0.642158031463623,-0.041744254529476166,0.4294838309288025,0.5913788080215454,-0.041169337928295135,0.4465782046318054,0.6482658386230469,-0.04995208606123924,0.4406861662864685,0.6588273048400879,-0.045833032578229904,0.43247729539871216,0.6422890424728394,-0.04177859425544739,Q
0.6374339461326599,0.5691250562667847,-2.606337830002303e-07,0.6018756628036499,0.5725815296173096,-0.0036082591395825148,0.5649600625038147,0.5611528158187866,-0.008681664243340492,0.5381363034248352,0.5580307841300964,-0.016861267387866974,0.5161024332046509,0.5540441274642944,-0.023890087381005287,0.562997043132782,0.4815930724143982,0.00546262226998806,0.5308988690376282,0.4526936709880829,-0.011371493339538574,0.5223502516746521,0.48424407839775085,-0.023128991946578026,0.5273470878601074,0.5152970552444458,-0.02822236530482769,0.5745092630386353,0.46497899293899536,-0.00022789175272919238,0.5445268750190735,0.4379373788833618,-0.0158099215477705,0.551501452922821,0.47970521450042725,-0.02079259604215622,0.5665769577026367,0.4950631856918335,-0.020049048587679863,0.5900663733482361,0.45118269324302673,-0.008722025901079178,0.5615869164466858,0.42097705602645874,-0.021181907504796982,0.5673974752426147,0.4626196324825287,-0.016347693279385567,0.5805184245109558,0.4782818853855133,-0.009438187815248966,0.6101118922233582,0.4402328133583069,-0.018247030675411224,0.5873716473579407,0.4148271083831787,-0.02312442846596241,0.5873527526855469,0.44634270668029785,-0.01629793643951416,0.5962496399879456,0.4635716676712036,-0.009316523559391499,Q
0.41078776121139526,0.6753511428833008,5.675991676667991e-09,0.4514826238155365,0.6776387691497803,-0.0025281296111643314,0.4819481074810028,0.6713652610778809,-0.013158493675291538,0.5017533898353577,0.6697725653648376,-0.026713361963629723,0.5032423734664917,0.6657737493515015,-0.039859429001808167,0.4884491264820099,0.5740668773651123,-0.010730749927461147,0.5027657151222229,0.5395334362983704,-0.027488205581903458,0.5164310932159424,0.5297328233718872,-0.03881243243813515,0.5251981616020203,0.5328735709190369,-0.04586926847696304,0.47070878744125366,0.563309907913208,-0.019508710131049156,0.4940224885940552,0.6312382817268372,-0.037461165338754654,0.48118138313293457,0.6580972075462341,-0.04187013953924179,0.4705587327480316,0.6505669951438904,-0.043016232550144196,0.44974321126937866,0.5725215673446655,-0.029204603284597397,0.46934306621551514,0.6500091552734375,-0.04563763365149498,0.4588567614555359,0.6639736294746399,-0.04323536157608032,0.45123663544654846,0.6481783986091614,-0.0396825447678566,0.4290670156478882,0.5904601812362671,-0.039564743638038635,0.4459249973297119,0.6490658521652222,-0.04817899689078331,0.440371572971344,0.661237895488739,-0.0439164824783802,0.43316537141799927,0.6476805806159973,-0.03952096775174141,Q
0.6358742117881775,0.5712686777114868,-2.704124426600174e-07,0.6016468405723572,0.5725715160369873,-0.0032767714001238346,0.5663918256759644,0.5625805854797363,-0.008872455917298794,0.5411368608474731,0.5617384314537048,-0.01749824732542038,0.5220392346382141,0.5508643984794617,-0.025022445246577263,0.5640405416488647,0.4843254089355469,0.0025629689916968346,0.5313341021537781,0.45134714245796204,-0.015152640640735626,0.520823061466217,0.48214098811149597,-0.027618329972028732,0.5232346057891846,0.5153300166130066,-0.03315439820289612,0.5754646062850952,0.4689329266548157,-0.003045349847525358,0.5435985326766968,0.44263195991516113,-0.018421977758407593,0.5498751401901245,0.4829098880290985,-0.023200955241918564,0.5640720725059509,0.4993124306201935,-0.022836800664663315,0.590692400932312,0.4551447033882141,-0.011255452409386635,0.5593149065971375,0.4229992628097534,-0.023573806509375572,0.5655950903892517,0.4635140001773834,-0.018264906480908394,0.5789825916290283,0.48091644048690796,-0.011365062557160854,0.610662579536438,0.44418802857398987,-0.020433561876416206,0.5862252712249756,0.4182519316673279,-0.02592604048550129,0.5863729119300842,0.4497491419315338,-0.01909591630101204,0.5954307913780212,0.46846455335617065,-0.012136886827647686,Q
0.41189634799957275,0.6753865480422974,7.481430586153692e-09,0.45233315229415894,0.6813106536865234,-0.002933167153969407,0.4833294451236725,0.6761383414268494,-0.013623695820569992,0.5019745826721191,0.6738865375518799,-0.02723762020468712,0.5019612312316895,0.6672342419624329,-0.04052235931158066,0.49035799503326416,0.5759416818618774,-0.011593948118388653,0.5053293108940125,0.5393645763397217,-0.029697325080633163,0.5192259550094604,0.5382276773452759,-0.04199827089905739,0.5273754000663757,0.5526785254478455,-0.04917513206601143,0.47221285104751587,0.5653275847434998,-0.019933326169848442,0.4936968684196472,0.633683979511261,-0.03767823427915573,0.4810008108615875,0.6607449054718018,-0.042763128876686096,0.4704638421535492,0.6544148921966553,-0.04469884932041168,0.450578510761261,0.5741887092590332,-0.029280181974172592,0.46851909160614014,0.652688205242157,-0.04526342824101448,0.45800483226776123,0.6659514307975769,-0.04347412660717964,0.45032232999801636,0.6500831246376038,-0.040627434849739075,0.42903363704681396,0.5915204286575317,-0.039344433695077896,0.4449458718299866,0.6520298719406128,-0.047907717525959015,0.439178466796875,0.6632201075553894,-0.04390062764286995,0.4317811131477356,0.6482602953910828,-0.03967040032148361,Q
0.6378409266471863,0.5770135521888733,-2.7588387752075505e-07,0.6026960611343384,0.5772332549095154,-0.0032475129701197147,0.566120445728302,0.5646435022354126,-0.008651076816022396,0.5398157835006714,0.5639094710350037,-0.017486972734332085,0.5188848376274109,0.5543027520179749,-0.02526002563536167,0.5634586215019226,0.48556065559387207,0.0052653891034424305,0.5294089317321777,0.45820602774620056,-0.013736746273934841,0.5197286009788513,0.4908083975315094,-0.027635110542178154,0.5240740776062012,0.5255392789840698,-0.03381466865539551,0.5744114518165588,0.46973592042922974,-0.0007021744968369603,0.5414836406707764,0.44313210248947144,-0.016987405717372894,0.5480439066886902,0.4844599962234497,-0.02268930897116661,0.5626038312911987,0.5018211007118225,-0.022393308579921722,0.5895832777023315,0.4553248882293701,-0.009556887671351433,0.557610273361206,0.42435792088508606,-0.022221457213163376,0.5652910470962524,0.46689683198928833,-0.016825420781970024,0.5796478986740112,0.48375198245048523,-0.00942157581448555,0.6097252368927002,0.4445315897464752,-0.019541719928383827,0.5851413011550903,0.418594628572464,-0.024729890748858452,0.5858250260353088,0.4513152241706848,-0.017397388815879822,0.5954485535621643,0.46920424699783325,-0.009858435019850731,Q
